933	432	0.02	0.02
731	720	0.02	0.02
584	287	0.02	0.02
240	867	0.02	0.02
78	834	0.02	0.02
400	258	0.02	0.02
845	522	0.02	0.02
338	337	0.02	0.02
177	713	0.02	0.02
872	212	0.02	0.02
339	820	0.02	0.02
16	289	0.02	0.02
122	440	0.02	0.02
504	62	0.02	0.02
66	608	0.02	0.02
113	214	0.02	0.02
213	408	0.02	0.02
307	39	0.02	0.02
471	735	0.02	0.02
207	201	0.02	0.02
134	93	0.02	0.02
302	42	0.02	0.02
810	598	0.02	0.02
102	90	0.02	0.02
66	2	0.02	0.02
427	164	0.02	0.02
352	555	0.02	0.02
731	11	0.02	0.02
98	612	0.02	0.02
35	955	0.02	0.02
279	637	0.02	0.02
407	400	0.02	0.02
671	406	0.02	0.02
407	406	0.02	0.02
27	203	0.02	0.02
81	684	0.02	0.02
767	672	0.02	0.02
27	7	0.02	0.02
453	649	0.02	0.02
67	141	0.02	0.02
138	48	0.02	0.02
355	73	0.02	0.02
233	740	0.02	0.02
727	321	0.02	0.02
589	61	0.02	0.02
599	527	0.02	0.02
113	75	0.02	0.02
141	659	0.02	0.02
266	576	0.02	0.02
378	382	0.02	0.02
438	834	0.02	0.02
743	179	0.02	0.02
800	588	0.02	0.02
675	78	0.02	0.02
385	378	0.02	0.02
19	607	0.02	0.02
414	170	0.02	0.02
397	735	0.02	0.02
734	454	0.02	0.02
238	170	0.02	0.02
172	137	0.02	0.02
671	714	0.02	0.02
820	42	0.02	0.02
422	172	0.02	0.02
354	238	0.02	0.02
905	76	0.02	0.02
27	666	0.02	0.02
919	807	0.02	0.02
83	321	0.02	0.02
223	129	0.02	0.02
615	259	0.02	0.02
169	184	0.02	0.02
150	338	0.02	0.02
386	836	0.02	0.02
635	99	0.02	0.02
30	628	0.02	0.02
122	659	0.02	0.02
395	671	0.02	0.02
28	64	0.02	0.02
567	40	0.02	0.02
25	33	0.02	0.02
260	502	0.02	0.02
235	427	0.02	0.02
425	141	0.02	0.02
246	668	0.02	0.02
12	910	0.02	0.02
451	750	0.02	0.02
75	129	0.02	0.02
624	476	0.02	0.02
534	538	0.02	0.02
659	738	0.02	0.02
388	576	0.02	0.02
109	43	0.02	0.02
169	318	0.02	0.02
71	613	0.02	0.02
11	250	0.02	0.02
109	44	0.02	0.02
414	21	0.02	0.02
414	25	0.02	0.02
279	703	0.02	0.02
315	220	0.02	0.02
567	618	0.02	0.02
802	275	0.02	0.02
279	258	0.02	0.02
48	466	0.02	0.02
11	38	0.02	0.02
151	668	0.02	0.02
155	719	0.02	0.02
332	515	0.02	0.02
199	443	0.02	0.02
105	834	0.02	0.02
199	441	0.02	0.02
62	279	0.02	0.02
894	576	0.02	0.02
206	764	0.02	0.02
730	460	0.02	0.02
151	348	0.02	0.02
437	441	0.02	0.02
576	380	0.02	0.02
322	738	0.02	0.02
378	737	0.02	0.02
752	918	0.02	0.02
378	739	0.02	0.02
532	475	0.02	0.02
122	275	0.02	0.02
409	416	0.02	0.02
389	865	0.02	0.02
78	738	0.02	0.02
623	361	0.02	0.02
688	605	0.02	0.02
438	493	0.02	0.02
743	508	0.02	0.02
3	481	0.02	0.02
415	435	0.02	0.02
322	259	0.02	0.02
836	653	0.02	0.02
438	259	0.02	0.02
78	735	0.02	0.02
211	437	0.02	0.02
438	122	0.02	0.02
613	645	0.02	0.02
910	54	0.02	0.02
424	193	0.02	0.02
381	895	0.02	0.02
141	112	0.02	0.02
406	171	0.02	0.02
532	579	0.02	0.02
424	198	0.02	0.02
591	8	0.02	0.02
60	562	0.02	0.02
100	611	0.02	0.02
171	3	0.02	0.02
354	128	0.02	0.02
420	622	0.02	0.02
155	411	0.02	0.02
528	11	0.02	0.02
231	240	0.02	0.02
100	507	0.02	0.02
353	198	0.02	0.02
5	134	0.02	0.02
33	177	0.02	0.02
151	262	0.02	0.02
532	372	0.02	0.02
623	248	0.02	0.02
296	298	0.02	0.02
296	299	0.02	0.02
78	89	0.02	0.02
336	296	0.02	0.02
496	40	0.02	0.02
235	169	0.02	0.02
407	135	0.02	0.02
591	11	0.02	0.02
496	47	0.02	0.02
285	407	0.02	0.02
682	728	0.02	0.02
79	8	0.02	0.02
11	678	0.02	0.02
284	27	0.02	0.02
691	141	0.02	0.02
270	602	0.02	0.02
524	11	0.02	0.02
627	231	0.02	0.02
131	161	0.02	0.02
671	381	0.02	0.02
184	244	0.02	0.02
385	596	0.02	0.02
385	597	0.02	0.02
538	311	0.02	0.02
661	285	0.02	0.02
216	596	0.02	0.02
748	810	0.02	0.02
898	686	0.02	0.02
364	745	0.02	0.02
159	126	0.02	0.02
26	176	0.02	0.02
263	83	0.02	0.02
679	337	0.02	0.02
151	65	0.02	0.02
358	102	0.02	0.02
497	47	0.02	0.02
214	655	0.02	0.02
271	80	0.02	0.02
454	153	0.02	0.02
511	697	0.02	0.02
96	572	0.02	0.02
697	603	0.02	0.02
375	231	0.02	0.02
377	18	0.02	0.02
392	79	0.02	0.02
336	164	0.02	0.02
203	355	0.02	0.02
80	56	0.02	0.02
660	56	0.02	0.02
378	407	0.02	0.02
901	930	0.02	0.02
296	187	0.02	0.02
611	132	0.02	0.02
296	185	0.02	0.02
724	140	0.02	0.02
392	75	0.02	0.02
435	59	0.02	0.02
262	732	0.02	0.02
76	885	0.02	0.02
638	240	0.02	0.02
235	167	0.02	0.02
691	200	0.02	0.02
693	153	0.02	0.02
135	30	0.02	0.02
287	21	0.02	0.02
696	75	0.02	0.02
399	129	0.02	0.02
355	733	0.02	0.02
253	151	0.02	0.02
3	75	0.02	0.02
122	103	0.02	0.02
518	517	0.02	0.02
908	463	0.02	0.02
212	658	0.02	0.02
590	443	0.02	0.02
706	19	0.02	0.02
22	21	0.02	0.02
170	231	0.02	0.02
563	604	0.02	0.02
66	403	0.02	0.02
749	437	0.02	0.02
198	48	0.02	0.02
347	464	0.02	0.02
167	164	0.02	0.02
197	416	0.02	0.02
217	429	0.02	0.02
100	722	0.02	0.02
930	555	0.02	0.02
367	279	0.02	0.02
34	126	0.02	0.02
535	675	0.02	0.02
868	357	0.02	0.02
34	121	0.02	0.02
566	12	0.02	0.02
373	359	0.02	0.02
232	248	0.02	0.02
698	205	0.02	0.02
345	802	0.02	0.02
15	498	0.02	0.02
707	154	0.02	0.02
231	802	0.02	0.02
784	135	0.02	0.02
378	211	0.02	0.02
75	47	0.02	0.02
17	170	0.02	0.02
234	359	0.02	0.02
430	247	0.02	0.02
121	708	0.02	0.02
722	7	0.02	0.02
195	398	0.02	0.02
335	234	0.02	0.02
456	419	0.02	0.02
222	176	0.02	0.02
622	75	0.02	0.02
581	521	0.02	0.02
591	198	0.02	0.02
219	47	0.02	0.02
50	88	0.02	0.02
66	491	0.02	0.02
81	312	0.02	0.02
19	79	0.02	0.02
220	652	0.02	0.02
348	184	0.02	0.02
591	664	0.02	0.02
98	840	0.02	0.02
81	877	0.02	0.02
79	937	0.02	0.02
272	184	0.02	0.02
228	306	0.02	0.02
252	27	0.02	0.02
285	798	0.02	0.02
729	576	0.02	0.02
63	31	0.02	0.02
876	279	0.02	0.02
276	90	0.02	0.02
911	121	0.02	0.02
124	206	0.02	0.02
40	401	0.02	0.02
933	445	0.02	0.02
448	635	0.02	0.02
626	459	0.02	0.02
388	855	0.02	0.02
894	138	0.02	0.02
170	408	0.02	0.02
50	835	0.02	0.02
698	517	0.02	0.02
614	732	0.02	0.02
126	264	0.02	0.02
426	71	0.02	0.02
46	210	0.02	0.02
412	748	0.02	0.02
731	532	0.02	0.02
193	15	0.02	0.02
112	433	0.02	0.02
456	75	0.02	0.02
259	346	0.02	0.02
193	11	0.02	0.02
381	795	0.02	0.02
7	276	0.02	0.02
508	505	0.02	0.02
218	902	0.02	0.02
698	738	0.02	0.02
678	380	0.02	0.02
590	155	0.02	0.02
243	143	0.02	0.02
536	137	0.02	0.02
591	261	0.02	0.02
110	249	0.02	0.02
414	588	0.02	0.02
141	516	0.02	0.02
151	611	0.02	0.02
126	330	0.02	0.02
259	265	0.02	0.02
21	25	0.02	0.02
21	24	0.02	0.02
737	676	0.02	0.02
118	337	0.02	0.02
250	48	0.02	0.02
838	563	0.02	0.02
737	598	0.02	0.02
73	454	0.02	0.02
338	522	0.02	0.02
873	217	0.02	0.02
99	98	0.02	0.02
569	211	0.02	0.02
443	158	0.02	0.02
83	11	0.02	0.02
190	31	0.02	0.02
98	442	0.02	0.02
7	871	0.02	0.02
923	274	0.02	0.02
98	267	0.02	0.02
282	27	0.02	0.02
44	323	0.02	0.02
99	151	0.02	0.02
207	226	0.02	0.02
381	176	0.02	0.02
555	558	0.02	0.02
631	729	0.02	0.02
189	62	0.02	0.02
135	66	0.02	0.02
235	186	0.02	0.02
356	261	0.02	0.02
214	125	0.02	0.02
933	681	0.02	0.02
372	434	0.02	0.02
39	384	0.02	0.02
508	187	0.02	0.02
598	534	0.02	0.02
201	223	0.02	0.02
174	328	0.02	0.02
251	48	0.02	0.02
590	62	0.02	0.02
380	645	0.02	0.02
137	83	0.02	0.02
322	386	0.02	0.02
259	292	0.02	0.02
411	8	0.02	0.02
795	581	0.02	0.02
216	5	0.02	0.02
485	880	0.02	0.02
381	552	0.02	0.02
660	209	0.02	0.02
335	398	0.02	0.02
387	27	0.02	0.02
735	721	0.02	0.02
64	151	0.02	0.02
98	191	0.02	0.02
94	207	0.02	0.02
216	8	0.02	0.02
101	723	0.02	0.02
122	61	0.02	0.02
406	362	0.02	0.02
634	642	0.02	0.02
425	274	0.02	0.02
96	513	0.02	0.02
500	593	0.02	0.02
698	79	0.02	0.02
394	565	0.02	0.02
428	211	0.02	0.02
500	595	0.02	0.02
500	594	0.02	0.02
770	31	0.02	0.02
566	686	0.02	0.02
671	368	0.02	0.02
47	143	0.02	0.02
20	436	0.02	0.02
81	455	0.02	0.02
136	398	0.02	0.02
238	767	0.02	0.02
469	886	0.02	0.02
285	151	0.02	0.02
283	380	0.02	0.02
245	657	0.02	0.02
68	232	0.02	0.02
279	621	0.02	0.02
70	579	0.02	0.02
337	18	0.02	0.02
681	708	0.02	0.02
424	344	0.02	0.02
80	289	0.02	0.02
42	128	0.02	0.02
164	306	0.02	0.02
9	440	0.02	0.02
820	78	0.02	0.02
164	301	0.02	0.02
164	302	0.02	0.02
246	567	0.02	0.02
428	866	0.02	0.02
751	675	0.02	0.02
105	175	0.02	0.02
668	235	0.02	0.02
217	48	0.02	0.02
557	3	0.02	0.02
560	680	0.02	0.02
431	598	0.02	0.02
676	337	0.02	0.02
264	91	0.02	0.02
109	266	0.02	0.02
279	409	0.02	0.02
935	325	0.02	0.02
660	795	0.02	0.02
4	636	0.02	0.02
5	98	0.02	0.02
392	512	0.02	0.02
618	576	0.02	0.02
274	757	0.02	0.02
432	605	0.02	0.02
178	100	0.02	0.02
295	75	0.02	0.02
342	685	0.02	0.02
40	886	0.02	0.02
199	322	0.02	0.02
11	718	0.02	0.02
385	731	0.02	0.02
28	763	0.02	0.02
21	631	0.02	0.02
1	519	0.02	0.02
664	781	0.02	0.02
27	61	0.02	0.02
534	504	0.02	0.02
16	36	0.02	0.02
940	79	0.02	0.02
596	9	0.02	0.02
340	142	0.02	0.02
484	3	0.02	0.02
566	208	0.02	0.02
388	124	0.02	0.02
735	75	0.02	0.02
438	571	0.02	0.02
11	882	0.02	0.02
866	75	0.02	0.02
139	141	0.02	0.02
48	744	0.02	0.02
11	884	0.02	0.02
795	210	0.02	0.02
560	351	0.02	0.02
613	217	0.02	0.02
551	100	0.02	0.02
465	122	0.02	0.02
304	429	0.02	0.02
214	516	0.02	0.02
333	58	0.02	0.02
847	289	0.02	0.02
75	141	0.02	0.02
122	203	0.02	0.02
931	208	0.02	0.02
330	343	0.02	0.02
122	205	0.02	0.02
106	34	0.02	0.02
454	481	0.02	0.02
190	24	0.02	0.02
420	899	0.02	0.02
79	589	0.02	0.02
362	277	0.02	0.02
589	78	0.02	0.02
77	74	0.02	0.02
803	673	0.02	0.02
290	289	0.02	0.02
497	676	0.02	0.02
725	659	0.02	0.02
179	81	0.02	0.02
346	345	0.02	0.02
302	357	0.02	0.02
458	157	0.02	0.02
353	181	0.02	0.02
581	931	0.02	0.02
200	16	0.02	0.02
186	151	0.02	0.02
47	850	0.02	0.02
75	472	0.02	0.02
86	519	0.02	0.02
75	475	0.02	0.02
382	708	0.02	0.02
8	17	0.02	0.02
200	235	0.02	0.02
419	141	0.02	0.02
544	50	0.02	0.02
466	82	0.02	0.02
103	67	0.02	0.02
130	65	0.02	0.02
6	150	0.02	0.02
59	182	0.02	0.02
453	368	0.02	0.02
232	239	0.02	0.02
56	541	0.02	0.02
11	661	0.02	0.02
387	274	0.02	0.02
86	340	0.02	0.02
265	659	0.02	0.02
52	918	0.02	0.02
958	401	0.02	0.02
604	74	0.02	0.02
69	211	0.02	0.02
277	6	0.02	0.02
277	7	0.02	0.02
204	383	0.02	0.02
543	812	0.02	0.02
526	448	0.02	0.02
163	586	0.02	0.02
289	653	0.02	0.02
522	671	0.02	0.02
238	436	0.02	0.02
871	219	0.02	0.02
382	380	0.02	0.02
315	414	0.02	0.02
239	118	0.02	0.02
571	122	0.02	0.02
104	108	0.02	0.02
31	727	0.02	0.02
898	698	0.02	0.02
452	334	0.02	0.02
331	83	0.02	0.02
580	235	0.02	0.02
436	741	0.02	0.02
240	46	0.02	0.02
917	135	0.02	0.02
334	35	0.02	0.02
622	615	0.02	0.02
481	706	0.02	0.02
378	262	0.02	0.02
529	98	0.02	0.02
455	504	0.02	0.02
926	471	0.02	0.02
508	577	0.02	0.02
216	900	0.02	0.02
33	614	0.02	0.02
141	876	0.02	0.02
532	79	0.02	0.02
423	441	0.02	0.02
721	662	0.02	0.02
573	170	0.02	0.02
236	207	0.02	0.02
787	458	0.02	0.02
210	655	0.02	0.02
871	212	0.02	0.02
409	5	0.02	0.02
596	622	0.02	0.02
898	208	0.02	0.02
337	321	0.02	0.02
56	106	0.02	0.02
292	211	0.02	0.02
904	619	0.02	0.02
203	42	0.02	0.02
309	728	0.02	0.02
143	378	0.02	0.02
452	480	0.02	0.02
663	46	0.02	0.02
479	4	0.02	0.02
476	404	0.02	0.02
100	715	0.02	0.02
479	3	0.02	0.02
122	418	0.02	0.02
100	716	0.02	0.02
34	151	0.02	0.02
911	205	0.02	0.02
357	889	0.02	0.02
231	638	0.02	0.02
176	177	0.02	0.02
409	842	0.02	0.02
396	493	0.02	0.02
698	218	0.02	0.02
231	87	0.02	0.02
219	30	0.02	0.02
746	459	0.02	0.02
289	102	0.02	0.02
137	266	0.02	0.02
13	937	0.02	0.02
707	124	0.02	0.02
234	348	0.02	0.02
363	71	0.02	0.02
591	9	0.02	0.02
65	247	0.02	0.02
103	100	0.02	0.02
180	354	0.02	0.02
577	322	0.02	0.02
655	227	0.02	0.02
72	446	0.02	0.02
6	688	0.02	0.02
17	143	0.02	0.02
287	130	0.02	0.02
305	739	0.02	0.02
736	198	0.02	0.02
198	62	0.02	0.02
886	895	0.02	0.02
305	736	0.02	0.02
871	872	0.02	0.02
681	240	0.02	0.02
120	399	0.02	0.02
583	58	0.02	0.02
553	411	0.02	0.02
64	384	0.02	0.02
493	839	0.02	0.02
323	246	0.02	0.02
612	189	0.02	0.02
66	490	0.02	0.02
65	926	0.02	0.02
577	11	0.02	0.02
710	195	0.02	0.02
73	704	0.02	0.02
655	95	0.02	0.02
66	256	0.02	0.02
66	257	0.02	0.02
929	741	0.02	0.02
217	401	0.02	0.02
328	668	0.02	0.02
183	6	0.02	0.02
686	393	0.02	0.02
78	392	0.02	0.02
406	597	0.02	0.02
43	685	0.02	0.02
50	148	0.02	0.02
50	147	0.02	0.02
50	146	0.02	0.02
50	144	0.02	0.02
504	287	0.02	0.02
635	191	0.02	0.02
44	663	0.02	0.02
822	569	0.02	0.02
47	737	0.02	0.02
933	234	0.02	0.02
264	34	0.02	0.02
211	35	0.02	0.02
933	238	0.02	0.02
569	440	0.02	0.02
91	518	0.02	0.02
303	438	0.02	0.02
325	727	0.02	0.02
414	577	0.02	0.02
378	595	0.02	0.02
663	424	0.02	0.02
200	295	0.02	0.02
646	48	0.02	0.02
755	522	0.02	0.02
195	109	0.02	0.02
83	235	0.02	0.02
478	151	0.02	0.02
458	511	0.02	0.02
675	660	0.02	0.02
727	100	0.02	0.02
132	357	0.02	0.02
553	135	0.02	0.02
507	47	0.02	0.02
161	536	0.02	0.02
737	615	0.02	0.02
83	880	0.02	0.02
259	511	0.02	0.02
218	337	0.02	0.02
200	347	0.02	0.02
151	435	0.02	0.02
164	244	0.02	0.02
138	83	0.02	0.02
400	729	0.02	0.02
657	201	0.02	0.02
442	278	0.02	0.02
205	664	0.02	0.02
40	49	0.02	0.02
37	79	0.02	0.02
95	795	0.02	0.02
296	303	0.02	0.02
37	71	0.02	0.02
40	43	0.02	0.02
22	318	0.02	0.02
305	556	0.02	0.02
65	69	0.02	0.02
650	220	0.02	0.02
238	264	0.02	0.02
211	198	0.02	0.02
454	367	0.02	0.02
340	204	0.02	0.02
764	953	0.02	0.02
233	231	0.02	0.02
268	340	0.02	0.02
177	195	0.02	0.02
246	19	0.02	0.02
223	245	0.02	0.02
42	734	0.02	0.02
273	151	0.02	0.02
319	603	0.02	0.02
508	151	0.02	0.02
231	10	0.02	0.02
112	454	0.02	0.02
506	28	0.02	0.02
947	199	0.02	0.02
141	837	0.02	0.02
7	243	0.02	0.02
196	20	0.02	0.02
336	184	0.02	0.02
122	75	0.02	0.02
320	508	0.02	0.02
387	11	0.02	0.02
460	11	0.02	0.02
551	378	0.02	0.02
105	542	0.02	0.02
521	316	0.02	0.02
246	265	0.02	0.02
678	517	0.02	0.02
566	76	0.02	0.02
158	211	0.02	0.02
59	400	0.02	0.02
245	226	0.02	0.02
425	243	0.02	0.02
634	651	0.02	0.02
557	171	0.02	0.02
736	497	0.02	0.02
90	86	0.02	0.02
306	296	0.02	0.02
432	773	0.02	0.02
569	153	0.02	0.02
536	738	0.02	0.02
366	135	0.02	0.02
579	671	0.02	0.02
671	370	0.02	0.02
201	129	0.02	0.02
671	372	0.02	0.02
397	195	0.02	0.02
339	380	0.02	0.02
161	826	0.02	0.02
233	6	0.02	0.02
624	676	0.02	0.02
233	4	0.02	0.02
238	151	0.02	0.02
428	522	0.02	0.02
266	200	0.02	0.02
675	17	0.02	0.02
466	137	0.02	0.02
42	428	0.02	0.02
472	11	0.02	0.02
132	137	0.02	0.02
546	840	0.02	0.02
235	201	0.02	0.02
128	474	0.02	0.02
158	671	0.02	0.02
316	87	0.02	0.02
874	600	0.02	0.02
946	83	0.02	0.02
846	66	0.02	0.02
3	829	0.02	0.02
109	259	0.02	0.02
109	258	0.02	0.02
139	393	0.02	0.02
38	475	0.02	0.02
3	827	0.02	0.02
122	677	0.02	0.02
352	728	0.02	0.02
407	338	0.02	0.02
903	192	0.02	0.02
352	292	0.02	0.02
715	246	0.02	0.02
333	360	0.02	0.02
419	500	0.02	0.02
432	614	0.02	0.02
712	218	0.02	0.02
615	909	0.02	0.02
393	726	0.02	0.02
800	315	0.02	0.02
33	98	0.02	0.02
393	728	0.02	0.02
505	660	0.02	0.02
638	727	0.02	0.02
226	134	0.02	0.02
85	124	0.02	0.02
73	159	0.02	0.02
235	335	0.02	0.02
414	48	0.02	0.02
304	305	0.02	0.02
183	592	0.02	0.02
340	134	0.02	0.02
26	153	0.02	0.02
50	51	0.02	0.02
90	130	0.02	0.02
81	525	0.02	0.02
749	567	0.02	0.02
431	141	0.02	0.02
503	200	0.02	0.02
345	59	0.02	0.02
340	593	0.02	0.02
38	212	0.02	0.02
38	214	0.02	0.02
87	178	0.02	0.02
135	38	0.02	0.02
48	591	0.02	0.02
352	122	0.02	0.02
417	567	0.02	0.02
693	727	0.02	0.02
122	213	0.02	0.02
747	141	0.02	0.02
609	395	0.02	0.02
122	217	0.02	0.02
907	75	0.02	0.02
179	95	0.02	0.02
48	40	0.02	0.02
407	382	0.02	0.02
570	161	0.02	0.02
706	413	0.02	0.02
937	289	0.02	0.02
123	816	0.02	0.02
71	700	0.02	0.02
258	58	0.02	0.02
523	522	0.02	0.02
35	14	0.02	0.02
602	727	0.02	0.02
502	363	0.02	0.02
19	406	0.02	0.02
605	606	0.02	0.02
3	483	0.02	0.02
428	171	0.02	0.02
886	645	0.02	0.02
295	31	0.02	0.02
53	66	0.02	0.02
357	508	0.02	0.02
220	493	0.02	0.02
296	83	0.02	0.02
140	139	0.02	0.02
226	406	0.02	0.02
353	174	0.02	0.02
185	235	0.02	0.02
664	265	0.02	0.02
489	6	0.02	0.02
577	505	0.02	0.02
822	408	0.02	0.02
205	912	0.02	0.02
62	632	0.02	0.02
383	863	0.02	0.02
265	908	0.02	0.02
49	48	0.02	0.02
355	391	0.02	0.02
890	279	0.02	0.02
103	14	0.02	0.02
515	198	0.02	0.02
885	676	0.02	0.02
79	686	0.02	0.02
672	906	0.02	0.02
173	210	0.02	0.02
597	141	0.02	0.02
417	364	0.02	0.02
591	35	0.02	0.02
48	682	0.02	0.02
595	58	0.02	0.02
323	378	0.02	0.02
581	553	0.02	0.02
271	535	0.02	0.02
377	170	0.02	0.02
37	429	0.02	0.02
56	377	0.02	0.02
305	218	0.02	0.02
56	372	0.02	0.02
58	259	0.02	0.02
350	535	0.02	0.02
361	247	0.02	0.02
75	263	0.02	0.02
234	879	0.02	0.02
598	85	0.02	0.02
672	880	0.02	0.02
102	56	0.02	0.02
468	317	0.02	0.02
106	7	0.02	0.02
888	289	0.02	0.02
279	56	0.02	0.02
382	122	0.02	0.02
87	11	0.02	0.02
309	308	0.02	0.02
832	3	0.02	0.02
929	122	0.02	0.02
151	86	0.02	0.02
13	831	0.02	0.02
151	84	0.02	0.02
334	28	0.02	0.02
625	12	0.02	0.02
295	288	0.02	0.02
894	70	0.02	0.02
699	403	0.02	0.02
35	290	0.02	0.02
582	583	0.02	0.02
74	27	0.02	0.02
35	293	0.02	0.02
382	126	0.02	0.02
174	376	0.02	0.02
369	296	0.02	0.02
68	65	0.02	0.02
102	392	0.02	0.02
333	542	0.02	0.02
268	435	0.02	0.02
867	79	0.02	0.02
220	651	0.02	0.02
228	24	0.02	0.02
617	75	0.02	0.02
481	233	0.02	0.02
592	79	0.02	0.02
200	75	0.02	0.02
184	173	0.02	0.02
66	488	0.02	0.02
184	427	0.02	0.02
436	172	0.02	0.02
558	401	0.02	0.02
436	176	0.02	0.02
882	698	0.02	0.02
430	603	0.02	0.02
198	68	0.02	0.02
141	11	0.02	0.02
598	696	0.02	0.02
622	676	0.02	0.02
296	300	0.02	0.02
13	901	0.02	0.02
355	85	0.02	0.02
867	338	0.02	0.02
219	604	0.02	0.02
32	508	0.02	0.02
235	234	0.02	0.02
762	28	0.02	0.02
751	263	0.02	0.02
332	66	0.02	0.02
438	33	0.02	0.02
135	406	0.02	0.02
645	68	0.02	0.02
937	833	0.02	0.02
578	142	0.02	0.02
91	670	0.02	0.02
472	48	0.02	0.02
534	81	0.02	0.02
719	873	0.02	0.02
627	436	0.02	0.02
877	504	0.02	0.02
661	135	0.02	0.02
70	228	0.02	0.02
81	523	0.02	0.02
591	517	0.02	0.02
635	212	0.02	0.02
63	592	0.02	0.02
217	662	0.02	0.02
740	602	0.02	0.02
906	4	0.02	0.02
436	398	0.02	0.02
436	397	0.02	0.02
217	668	0.02	0.02
98	632	0.02	0.02
262	139	0.02	0.02
319	390	0.02	0.02
323	279	0.02	0.02
448	616	0.02	0.02
66	489	0.02	0.02
153	149	0.02	0.02
880	135	0.02	0.02
598	526	0.02	0.02
303	508	0.02	0.02
1	75	0.02	0.02
1	74	0.02	0.02
649	414	0.02	0.02
947	334	0.02	0.02
873	527	0.02	0.02
842	122	0.02	0.02
205	124	0.02	0.02
341	956	0.02	0.02
513	151	0.02	0.02
231	913	0.02	0.02
141	134	0.02	0.02
95	177	0.02	0.02
945	824	0.02	0.02
322	238	0.02	0.02
179	287	0.02	0.02
63	17	0.02	0.02
604	212	0.02	0.02
35	678	0.02	0.02
686	128	0.02	0.02
939	372	0.02	0.02
601	193	0.02	0.02
333	768	0.02	0.02
296	297	0.02	0.02
78	874	0.02	0.02
11	66	0.02	0.02
234	78	0.02	0.02
11	60	0.02	0.02
3	151	0.02	0.02
11	62	0.02	0.02
698	718	0.02	0.02
659	238	0.02	0.02
644	234	0.02	0.02
234	75	0.02	0.02
63	629	0.02	0.02
720	223	0.02	0.02
871	557	0.02	0.02
842	480	0.02	0.02
42	183	0.02	0.02
37	151	0.02	0.02
31	104	0.02	0.02
738	189	0.02	0.02
37	406	0.02	0.02
715	398	0.02	0.02
674	87	0.02	0.02
43	331	0.02	0.02
798	95	0.02	0.02
37	408	0.02	0.02
663	864	0.02	0.02
152	873	0.02	0.02
634	800	0.02	0.02
362	322	0.02	0.02
376	38	0.02	0.02
601	372	0.02	0.02
718	400	0.02	0.02
590	444	0.02	0.02
233	557	0.02	0.02
675	381	0.02	0.02
384	126	0.02	0.02
845	401	0.02	0.02
22	141	0.02	0.02
535	270	0.02	0.02
143	433	0.02	0.02
48	464	0.02	0.02
195	690	0.02	0.02
297	164	0.02	0.02
758	381	0.02	0.02
566	867	0.02	0.02
141	915	0.02	0.02
285	907	0.02	0.02
485	398	0.02	0.02
834	550	0.02	0.02
93	236	0.02	0.02
153	560	0.02	0.02
354	689	0.02	0.02
339	42	0.02	0.02
70	74	0.02	0.02
118	46	0.02	0.02
73	384	0.02	0.02
337	681	0.02	0.02
386	354	0.02	0.02
677	911	0.02	0.02
233	224	0.02	0.02
244	348	0.02	0.02
540	767	0.02	0.02
71	258	0.02	0.02
65	260	0.02	0.02
11	203	0.02	0.02
433	100	0.02	0.02
233	854	0.02	0.02
385	217	0.02	0.02
626	769	0.02	0.02
412	382	0.02	0.02
46	430	0.02	0.02
933	597	0.02	0.02
246	33	0.02	0.02
378	838	0.02	0.02
181	59	0.02	0.02
950	171	0.02	0.02
728	109	0.02	0.02
245	236	0.02	0.02
73	292	0.02	0.02
414	634	0.02	0.02
542	338	0.02	0.02
434	551	0.02	0.02
736	43	0.02	0.02
694	353	0.02	0.02
381	778	0.02	0.02
300	184	0.02	0.02
147	3	0.02	0.02
130	189	0.02	0.02
943	95	0.02	0.02
677	380	0.02	0.02
715	816	0.02	0.02
636	387	0.02	0.02
42	141	0.02	0.02
90	235	0.02	0.02
738	527	0.02	0.02
34	513	0.02	0.02
90	239	0.02	0.02
528	392	0.02	0.02
215	143	0.02	0.02
911	910	0.02	0.02
531	11	0.02	0.02
703	827	0.02	0.02
351	432	0.02	0.02
128	408	0.02	0.02
42	380	0.02	0.02
319	37	0.02	0.02
313	81	0.02	0.02
290	247	0.02	0.02
606	493	0.02	0.02
155	238	0.02	0.02
188	235	0.02	0.02
396	807	0.02	0.02
595	893	0.02	0.02
158	330	0.02	0.02
193	498	0.02	0.02
38	100	0.02	0.02
17	240	0.02	0.02
398	385	0.02	0.02
846	19	0.02	0.02
851	397	0.02	0.02
78	419	0.02	0.02
794	636	0.02	0.02
326	45	0.02	0.02
6	98	0.02	0.02
401	181	0.02	0.02
840	613	0.02	0.02
909	431	0.02	0.02
101	275	0.02	0.02
466	211	0.02	0.02
618	352	0.02	0.02
33	86	0.02	0.02
292	873	0.02	0.02
274	179	0.02	0.02
204	235	0.02	0.02
463	341	0.02	0.02
112	615	0.02	0.02
537	516	0.02	0.02
235	301	0.02	0.02
155	158	0.02	0.02
235	303	0.02	0.02
382	821	0.02	0.02
392	338	0.02	0.02
92	207	0.02	0.02
83	430	0.02	0.02
235	306	0.02	0.02
392	442	0.02	0.02
27	238	0.02	0.02
405	336	0.02	0.02
433	83	0.02	0.02
439	37	0.02	0.02
232	558	0.02	0.02
333	16	0.02	0.02
235	238	0.02	0.02
340	271	0.02	0.02
880	561	0.02	0.02
876	654	0.02	0.02
622	749	0.02	0.02
124	288	0.02	0.02
454	801	0.02	0.02
407	211	0.02	0.02
200	929	0.02	0.02
134	139	0.02	0.02
385	435	0.02	0.02
159	64	0.02	0.02
437	495	0.02	0.02
438	686	0.02	0.02
569	411	0.02	0.02
369	184	0.02	0.02
9	98	0.02	0.02
524	446	0.02	0.02
698	885	0.02	0.02
321	151	0.02	0.02
214	211	0.02	0.02
108	70	0.02	0.02
76	247	0.02	0.02
127	409	0.02	0.02
38	266	0.02	0.02
681	822	0.02	0.02
169	296	0.02	0.02
27	641	0.02	0.02
121	102	0.02	0.02
878	30	0.02	0.02
95	66	0.02	0.02
40	11	0.02	0.02
438	175	0.02	0.02
6	392	0.02	0.02
518	26	0.02	0.02
231	677	0.02	0.02
110	860	0.02	0.02
420	850	0.02	0.02
429	426	0.02	0.02
697	436	0.02	0.02
66	67	0.02	0.02
864	210	0.02	0.02
231	100	0.02	0.02
655	786	0.02	0.02
715	671	0.02	0.02
438	192	0.02	0.02
359	11	0.02	0.02
946	101	0.02	0.02
352	611	0.02	0.02
167	296	0.02	0.02
355	387	0.02	0.02
380	406	0.02	0.02
304	591	0.02	0.02
470	48	0.02	0.02
653	35	0.02	0.02
290	685	0.02	0.02
87	75	0.02	0.02
831	11	0.02	0.02
64	885	0.02	0.02
234	211	0.02	0.02
18	105	0.02	0.02
242	47	0.02	0.02
647	453	0.02	0.02
11	518	0.02	0.02
195	842	0.02	0.02
481	79	0.02	0.02
15	39	0.02	0.02
388	246	0.02	0.02
346	258	0.02	0.02
615	597	0.02	0.02
593	435	0.02	0.02
184	508	0.02	0.02
361	232	0.02	0.02
296	427	0.02	0.02
299	151	0.02	0.02
573	736	0.02	0.02
851	753	0.02	0.02
677	539	0.02	0.02
523	800	0.02	0.02
75	251	0.02	0.02
18	256	0.02	0.02
279	47	0.02	0.02
279	434	0.02	0.02
576	200	0.02	0.02
203	596	0.02	0.02
853	233	0.02	0.02
305	508	0.02	0.02
151	96	0.02	0.02
151	90	0.02	0.02
346	47	0.02	0.02
249	367	0.02	0.02
406	566	0.02	0.02
816	38	0.02	0.02
576	192	0.02	0.02
293	203	0.02	0.02
660	20	0.02	0.02
74	38	0.02	0.02
622	724	0.02	0.02
121	106	0.02	0.02
328	266	0.02	0.02
749	627	0.02	0.02
5	140	0.02	0.02
220	647	0.02	0.02
153	36	0.02	0.02
714	19	0.02	0.02
220	648	0.02	0.02
609	718	0.02	0.02
550	947	0.02	0.02
122	387	0.02	0.02
670	243	0.02	0.02
184	165	0.02	0.02
84	574	0.02	0.02
308	586	0.02	0.02
126	33	0.02	0.02
538	454	0.02	0.02
249	143	0.02	0.02
596	860	0.02	0.02
347	44	0.02	0.02
184	185	0.02	0.02
184	187	0.02	0.02
820	738	0.02	0.02
151	302	0.02	0.02
420	321	0.02	0.02
31	62	0.02	0.02
43	44	0.02	0.02
867	327	0.02	0.02
328	90	0.02	0.02
602	56	0.02	0.02
167	151	0.02	0.02
352	158	0.02	0.02
33	435	0.02	0.02
435	681	0.02	0.02
118	45	0.02	0.02
50	543	0.02	0.02
425	824	0.02	0.02
212	283	0.02	0.02
135	412	0.02	0.02
358	579	0.02	0.02
50	545	0.02	0.02
107	11	0.02	0.02
325	523	0.02	0.02
449	621	0.02	0.02
211	406	0.02	0.02
790	458	0.02	0.02
211	400	0.02	0.02
326	287	0.02	0.02
446	635	0.02	0.02
340	8	0.02	0.02
70	234	0.02	0.02
180	626	0.02	0.02
817	144	0.02	0.02
83	31	0.02	0.02
746	322	0.02	0.02
217	698	0.02	0.02
488	537	0.02	0.02
480	596	0.02	0.02
331	807	0.02	0.02
325	455	0.02	0.02
161	27	0.02	0.02
179	674	0.02	0.02
1	101	0.02	0.02
670	734	0.02	0.02
680	337	0.02	0.02
154	153	0.02	0.02
702	48	0.02	0.02
40	458	0.02	0.02
26	834	0.02	0.02
574	56	0.02	0.02
45	820	0.02	0.02
105	230	0.02	0.02
629	11	0.02	0.02
50	433	0.02	0.02
820	420	0.02	0.02
218	555	0.02	0.02
802	481	0.02	0.02
445	282	0.02	0.02
721	671	0.02	0.02
98	505	0.02	0.02
328	441	0.02	0.02
402	398	0.02	0.02
180	936	0.02	0.02
556	183	0.02	0.02
212	351	0.02	0.02
456	485	0.02	0.02
420	421	0.02	0.02
233	87	0.02	0.02
11	13	0.02	0.02
11	12	0.02	0.02
675	240	0.02	0.02
900	372	0.02	0.02
698	708	0.02	0.02
849	390	0.02	0.02
464	200	0.02	0.02
597	218	0.02	0.02
933	741	0.02	0.02
24	128	0.02	0.02
312	311	0.02	0.02
9	210	0.02	0.02
11	448	0.02	0.02
318	28	0.02	0.02
207	245	0.02	0.02
167	184	0.02	0.02
72	8	0.02	0.02
271	414	0.02	0.02
537	703	0.02	0.02
17	457	0.02	0.02
561	698	0.02	0.02
320	231	0.02	0.02
81	58	0.02	0.02
679	200	0.02	0.02
83	217	0.02	0.02
659	40	0.02	0.02
873	17	0.02	0.02
81	53	0.02	0.02
46	739	0.02	0.02
426	822	0.02	0.02
326	724	0.02	0.02
91	330	0.02	0.02
591	654	0.02	0.02
742	950	0.02	0.02
37	366	0.02	0.02
230	90	0.02	0.02
28	208	0.02	0.02
877	141	0.02	0.02
704	561	0.02	0.02
195	6	0.02	0.02
172	370	0.02	0.02
44	354	0.02	0.02
510	476	0.02	0.02
454	407	0.02	0.02
880	121	0.02	0.02
471	48	0.02	0.02
515	766	0.02	0.02
873	821	0.02	0.02
879	198	0.02	0.02
283	143	0.02	0.02
802	260	0.02	0.02
266	535	0.02	0.02
663	591	0.02	0.02
58	537	0.02	0.02
30	331	0.02	0.02
743	576	0.02	0.02
900	671	0.02	0.02
627	866	0.02	0.02
143	23	0.02	0.02
376	381	0.02	0.02
699	843	0.02	0.02
654	141	0.02	0.02
231	37	0.02	0.02
310	862	0.02	0.02
81	881	0.02	0.02
74	111	0.02	0.02
428	444	0.02	0.02
436	173	0.02	0.02
504	642	0.02	0.02
81	220	0.02	0.02
406	33	0.02	0.02
279	189	0.02	0.02
652	81	0.02	0.02
381	635	0.02	0.02
66	843	0.02	0.02
508	263	0.02	0.02
29	28	0.02	0.02
770	151	0.02	0.02
731	659	0.02	0.02
603	686	0.02	0.02
694	435	0.02	0.02
725	402	0.02	0.02
142	743	0.02	0.02
740	715	0.02	0.02
393	859	0.02	0.02
408	406	0.02	0.02
408	407	0.02	0.02
677	392	0.02	0.02
821	233	0.02	0.02
867	60	0.02	0.02
42	400	0.02	0.02
766	28	0.02	0.02
279	678	0.02	0.02
259	392	0.02	0.02
397	177	0.02	0.02
395	377	0.02	0.02
188	164	0.02	0.02
344	63	0.02	0.02
189	259	0.02	0.02
384	667	0.02	0.02
37	217	0.02	0.02
379	835	0.02	0.02
135	57	0.02	0.02
381	123	0.02	0.02
30	249	0.02	0.02
306	151	0.02	0.02
128	413	0.02	0.02
203	867	0.02	0.02
100	31	0.02	0.02
154	876	0.02	0.02
767	709	0.02	0.02
246	337	0.02	0.02
157	688	0.02	0.02
279	312	0.02	0.02
921	170	0.02	0.02
500	325	0.02	0.02
27	550	0.02	0.02
156	810	0.02	0.02
143	109	0.02	0.02
103	332	0.02	0.02
724	75	0.02	0.02
11	217	0.02	0.02
265	902	0.02	0.02
217	397	0.02	0.02
684	200	0.02	0.02
246	621	0.02	0.02
71	656	0.02	0.02
85	1	0.02	0.02
238	681	0.02	0.02
70	8	0.02	0.02
536	409	0.02	0.02
45	347	0.02	0.02
636	795	0.02	0.02
146	48	0.02	0.02
911	872	0.02	0.02
155	143	0.02	0.02
911	871	0.02	0.02
139	745	0.02	0.02
725	246	0.02	0.02
406	285	0.02	0.02
240	880	0.02	0.02
454	78	0.02	0.02
128	304	0.02	0.02
901	307	0.02	0.02
58	54	0.02	0.02
17	83	0.02	0.02
711	761	0.02	0.02
235	318	0.02	0.02
189	326	0.02	0.02
857	501	0.02	0.02
42	103	0.02	0.02
398	558	0.02	0.02
167	168	0.02	0.02
637	311	0.02	0.02
759	122	0.02	0.02
11	850	0.02	0.02
884	87	0.02	0.02
87	402	0.02	0.02
393	279	0.02	0.02
157	198	0.02	0.02
211	149	0.02	0.02
192	631	0.02	0.02
749	894	0.02	0.02
295	601	0.02	0.02
822	724	0.02	0.02
923	87	0.02	0.02
478	404	0.02	0.02
59	75	0.02	0.02
628	71	0.02	0.02
79	373	0.02	0.02
592	319	0.02	0.02
698	899	0.02	0.02
11	454	0.02	0.02
606	210	0.02	0.02
627	691	0.02	0.02
11	450	0.02	0.02
266	390	0.02	0.02
79	378	0.02	0.02
87	573	0.02	0.02
120	201	0.02	0.02
439	735	0.02	0.02
739	599	0.02	0.02
773	779	0.02	0.02
48	176	0.02	0.02
773	777	0.02	0.02
923	431	0.02	0.02
773	775	0.02	0.02
773	774	0.02	0.02
859	442	0.02	0.02
354	3	0.02	0.02
165	296	0.02	0.02
376	370	0.02	0.02
666	96	0.02	0.02
48	249	0.02	0.02
426	234	0.02	0.02
290	214	0.02	0.02
32	17	0.02	0.02
318	137	0.02	0.02
523	279	0.02	0.02
86	321	0.02	0.02
24	267	0.02	0.02
390	675	0.02	0.02
567	17	0.02	0.02
135	881	0.02	0.02
438	181	0.02	0.02
43	210	0.02	0.02
3	193	0.02	0.02
715	686	0.02	0.02
334	471	0.02	0.02
122	522	0.02	0.02
59	715	0.02	0.02
27	16	0.02	0.02
132	151	0.02	0.02
387	203	0.02	0.02
140	425	0.02	0.02
397	96	0.02	0.02
340	611	0.02	0.02
591	53	0.02	0.02
401	118	0.02	0.02
406	622	0.02	0.02
431	526	0.02	0.02
450	28	0.02	0.02
11	529	0.02	0.02
139	425	0.02	0.02
631	25	0.02	0.02
600	611	0.02	0.02
703	238	0.02	0.02
11	526	0.02	0.02
558	180	0.02	0.02
610	480	0.02	0.02
75	248	0.02	0.02
455	537	0.02	0.02
75	243	0.02	0.02
24	864	0.02	0.02
820	632	0.02	0.02
503	151	0.02	0.02
105	75	0.02	0.02
189	38	0.02	0.02
908	195	0.02	0.02
105	662	0.02	0.02
647	81	0.02	0.02
209	66	0.02	0.02
90	11	0.02	0.02
675	532	0.02	0.02
401	698	0.02	0.02
910	561	0.02	0.02
200	11	0.02	0.02
653	859	0.02	0.02
150	591	0.02	0.02
385	623	0.02	0.02
543	918	0.02	0.02
24	468	0.02	0.02
69	624	0.02	0.02
630	54	0.02	0.02
635	523	0.02	0.02
399	217	0.02	0.02
247	101	0.02	0.02
822	193	0.02	0.02
896	90	0.02	0.02
381	212	0.02	0.02
522	480	0.02	0.02
663	63	0.02	0.02
5	171	0.02	0.02
184	405	0.02	0.02
75	332	0.02	0.02
710	279	0.02	0.02
330	84	0.02	0.02
565	404	0.02	0.02
53	199	0.02	0.02
64	264	0.02	0.02
100	11	0.02	0.02
420	337	0.02	0.02
675	899	0.02	0.02
517	291	0.02	0.02
66	134	0.02	0.02
82	66	0.02	0.02
137	259	0.02	0.02
87	591	0.02	0.02
171	249	0.02	0.02
66	133	0.02	0.02
155	623	0.02	0.02
206	109	0.02	0.02
864	33	0.02	0.02
212	722	0.02	0.02
289	390	0.02	0.02
916	387	0.02	0.02
234	395	0.02	0.02
769	164	0.02	0.02
707	596	0.02	0.02
200	271	0.02	0.02
364	11	0.02	0.02
776	773	0.02	0.02
237	3	0.02	0.02
385	372	0.02	0.02
402	708	0.02	0.02
522	881	0.02	0.02
244	91	0.02	0.02
685	591	0.02	0.02
730	381	0.02	0.02
840	602	0.02	0.02
212	508	0.02	0.02
326	192	0.02	0.02
720	408	0.02	0.02
591	676	0.02	0.02
668	11	0.02	0.02
370	90	0.02	0.02
493	848	0.02	0.02
493	849	0.02	0.02
520	412	0.02	0.02
11	437	0.02	0.02
81	634	0.02	0.02
201	94	0.02	0.02
577	395	0.02	0.02
640	86	0.02	0.02
319	247	0.02	0.02
353	56	0.02	0.02
426	562	0.02	0.02
221	220	0.02	0.02
102	98	0.02	0.02
176	387	0.02	0.02
205	105	0.02	0.02
58	381	0.02	0.02
561	668	0.02	0.02
64	73	0.02	0.02
188	296	0.02	0.02
430	623	0.02	0.02
441	422	0.02	0.02
898	397	0.02	0.02
604	234	0.02	0.02
597	874	0.02	0.02
635	308	0.02	0.02
601	170	0.02	0.02
274	53	0.02	0.02
39	581	0.02	0.02
93	100	0.02	0.02
353	401	0.02	0.02
63	645	0.02	0.02
417	47	0.02	0.02
813	918	0.02	0.02
69	44	0.02	0.02
410	736	0.02	0.02
8	3	0.02	0.02
195	866	0.02	0.02
920	465	0.02	0.02
195	862	0.02	0.02
123	7	0.02	0.02
184	686	0.02	0.02
933	181	0.02	0.02
938	15	0.02	0.02
71	121	0.02	0.02
141	203	0.02	0.02
303	164	0.02	0.02
164	235	0.02	0.02
736	384	0.02	0.02
357	33	0.02	0.02
7	388	0.02	0.02
517	749	0.02	0.02
12	390	0.02	0.02
503	47	0.02	0.02
141	590	0.02	0.02
63	511	0.02	0.02
719	105	0.02	0.02
950	699	0.02	0.02
605	497	0.02	0.02
680	179	0.02	0.02
75	832	0.02	0.02
718	420	0.02	0.02
393	74	0.02	0.02
212	20	0.02	0.02
412	294	0.02	0.02
572	155	0.02	0.02
398	438	0.02	0.02
318	766	0.02	0.02
408	323	0.02	0.02
807	620	0.02	0.02
577	734	0.02	0.02
517	76	0.02	0.02
538	81	0.02	0.02
79	78	0.02	0.02
591	138	0.02	0.02
759	12	0.02	0.02
458	48	0.02	0.02
513	384	0.02	0.02
42	658	0.02	0.02
515	158	0.02	0.02
868	668	0.02	0.02
613	11	0.02	0.02
553	629	0.02	0.02
424	247	0.02	0.02
16	496	0.02	0.02
128	798	0.02	0.02
98	316	0.02	0.02
246	11	0.02	0.02
406	20	0.02	0.02
75	231	0.02	0.02
406	26	0.02	0.02
895	710	0.02	0.02
95	677	0.02	0.02
279	198	0.02	0.02
477	703	0.02	0.02
338	60	0.02	0.02
275	12	0.02	0.02
343	27	0.02	0.02
400	378	0.02	0.02
401	435	0.02	0.02
933	397	0.02	0.02
1	864	0.02	0.02
687	37	0.02	0.02
305	217	0.02	0.02
266	252	0.02	0.02
154	721	0.02	0.02
220	17	0.02	0.02
702	863	0.02	0.02
428	558	0.02	0.02
96	258	0.02	0.02
138	334	0.02	0.02
737	376	0.02	0.02
138	330	0.02	0.02
406	195	0.02	0.02
872	623	0.02	0.02
572	397	0.02	0.02
71	345	0.02	0.02
325	195	0.02	0.02
135	277	0.02	0.02
566	401	0.02	0.02
100	287	0.02	0.02
26	8	0.02	0.02
143	167	0.02	0.02
87	391	0.02	0.02
245	92	0.02	0.02
553	130	0.02	0.02
244	721	0.02	0.02
40	14	0.02	0.02
62	39	0.02	0.02
576	821	0.02	0.02
728	634	0.02	0.02
828	3	0.02	0.02
420	130	0.02	0.02
736	527	0.02	0.02
1	269	0.02	0.02
527	212	0.02	0.02
770	767	0.02	0.02
209	522	0.02	0.02
27	549	0.02	0.02
495	35	0.02	0.02
372	78	0.02	0.02
390	449	0.02	0.02
318	184	0.02	0.02
157	690	0.02	0.02
139	365	0.02	0.02
945	277	0.02	0.02
352	710	0.02	0.02
27	546	0.02	0.02
574	497	0.02	0.02
503	400	0.02	0.02
592	259	0.02	0.02
912	645	0.02	0.02
656	307	0.02	0.02
157	75	0.02	0.02
260	12	0.02	0.02
354	30	0.02	0.02
376	738	0.02	0.02
693	122	0.02	0.02
358	383	0.02	0.02
235	369	0.02	0.02
478	356	0.02	0.02
407	900	0.02	0.02
546	581	0.02	0.02
96	87	0.02	0.02
112	16	0.02	0.02
110	153	0.02	0.02
400	364	0.02	0.02
767	627	0.02	0.02
340	105	0.02	0.02
645	195	0.02	0.02
393	240	0.02	0.02
42	47	0.02	0.02
211	339	0.02	0.02
286	457	0.02	0.02
393	244	0.02	0.02
393	246	0.02	0.02
214	66	0.02	0.02
392	177	0.02	0.02
459	337	0.02	0.02
151	300	0.02	0.02
138	446	0.02	0.02
87	141	0.02	0.02
59	238	0.02	0.02
694	150	0.02	0.02
684	307	0.02	0.02
398	230	0.02	0.02
573	65	0.02	0.02
392	702	0.02	0.02
607	153	0.02	0.02
561	560	0.02	0.02
523	220	0.02	0.02
530	11	0.02	0.02
423	429	0.02	0.02
406	385	0.02	0.02
377	695	0.02	0.02
155	685	0.02	0.02
219	872	0.02	0.02
112	703	0.02	0.02
11	157	0.02	0.02
232	118	0.02	0.02
90	565	0.02	0.02
784	71	0.02	0.02
194	3	0.02	0.02
61	590	0.02	0.02
136	66	0.02	0.02
304	265	0.02	0.02
669	262	0.02	0.02
534	143	0.02	0.02
145	50	0.02	0.02
285	79	0.02	0.02
350	728	0.02	0.02
493	494	0.02	0.02
532	302	0.02	0.02
654	13	0.02	0.02
271	1	0.02	0.02
949	944	0.02	0.02
846	485	0.02	0.02
71	395	0.02	0.02
38	557	0.02	0.02
231	435	0.02	0.02
289	365	0.02	0.02
875	480	0.02	0.02
622	11	0.02	0.02
285	454	0.02	0.02
761	613	0.02	0.02
122	553	0.02	0.02
289	566	0.02	0.02
620	505	0.02	0.02
59	659	0.02	0.02
168	235	0.02	0.02
795	19	0.02	0.02
102	149	0.02	0.02
13	466	0.02	0.02
661	86	0.02	0.02
56	340	0.02	0.02
109	286	0.02	0.02
11	159	0.02	0.02
216	40	0.02	0.02
517	446	0.02	0.02
195	727	0.02	0.02
76	435	0.02	0.02
398	900	0.02	0.02
859	546	0.02	0.02
24	287	0.02	0.02
105	83	0.02	0.02
598	827	0.02	0.02
79	412	0.02	0.02
581	373	0.02	0.02
615	378	0.02	0.02
522	635	0.02	0.02
13	840	0.02	0.02
165	686	0.02	0.02
65	60	0.02	0.02
531	322	0.02	0.02
65	64	0.02	0.02
13	849	0.02	0.02
638	338	0.02	0.02
409	151	0.02	0.02
12	430	0.02	0.02
236	399	0.02	0.02
367	368	0.02	0.02
100	114	0.02	0.02
406	731	0.02	0.02
686	738	0.02	0.02
143	683	0.02	0.02
710	863	0.02	0.02
63	359	0.02	0.02
119	120	0.02	0.02
440	744	0.02	0.02
248	122	0.02	0.02
126	620	0.02	0.02
76	698	0.02	0.02
412	35	0.02	0.02
210	611	0.02	0.02
608	43	0.02	0.02
204	35	0.02	0.02
234	164	0.02	0.02
226	93	0.02	0.02
211	888	0.02	0.02
74	13	0.02	0.02
406	39	0.02	0.02
399	201	0.02	0.02
317	316	0.02	0.02
517	360	0.02	0.02
8	121	0.02	0.02
16	18	0.02	0.02
1	6	0.02	0.02
66	48	0.02	0.02
1	2	0.02	0.02
260	122	0.02	0.02
649	220	0.02	0.02
713	628	0.02	0.02
438	56	0.02	0.02
617	728	0.02	0.02
598	709	0.02	0.02
524	659	0.02	0.02
597	695	0.02	0.02
598	233	0.02	0.02
928	624	0.02	0.02
470	67	0.02	0.02
522	305	0.02	0.02
729	435	0.02	0.02
679	46	0.02	0.02
632	198	0.02	0.02
289	380	0.02	0.02
406	429	0.02	0.02
319	320	0.02	0.02
769	176	0.02	0.02
289	388	0.02	0.02
451	384	0.02	0.02
466	24	0.02	0.02
730	584	0.02	0.02
318	295	0.02	0.02
26	109	0.02	0.02
318	296	0.02	0.02
741	235	0.02	0.02
163	162	0.02	0.02
195	509	0.02	0.02
741	231	0.02	0.02
295	126	0.02	0.02
47	670	0.02	0.02
218	207	0.02	0.02
444	258	0.02	0.02
738	821	0.02	0.02
75	365	0.02	0.02
53	36	0.02	0.02
121	12	0.02	0.02
354	688	0.02	0.02
46	623	0.02	0.02
267	454	0.02	0.02
413	517	0.02	0.02
367	311	0.02	0.02
292	388	0.02	0.02
353	61	0.02	0.02
85	114	0.02	0.02
116	74	0.02	0.02
895	434	0.02	0.02
102	11	0.02	0.02
243	415	0.02	0.02
198	438	0.02	0.02
522	28	0.02	0.02
698	382	0.02	0.02
145	395	0.02	0.02
3	15	0.02	0.02
86	141	0.02	0.02
837	800	0.02	0.02
910	17	0.02	0.02
358	33	0.02	0.02
25	279	0.02	0.02
333	735	0.02	0.02
431	79	0.02	0.02
388	36	0.02	0.02
391	560	0.02	0.02
198	328	0.02	0.02
862	171	0.02	0.02
597	238	0.02	0.02
414	534	0.02	0.02
11	37	0.02	0.02
677	719	0.02	0.02
93	119	0.02	0.02
414	538	0.02	0.02
735	154	0.02	0.02
806	800	0.02	0.02
349	151	0.02	0.02
198	656	0.02	0.02
484	338	0.02	0.02
20	721	0.02	0.02
8	941	0.02	0.02
942	880	0.02	0.02
9	234	0.02	0.02
840	702	0.02	0.02
83	769	0.02	0.02
640	279	0.02	0.02
874	212	0.02	0.02
395	572	0.02	0.02
322	60	0.02	0.02
66	365	0.02	0.02
356	602	0.02	0.02
462	48	0.02	0.02
803	657	0.02	0.02
312	800	0.02	0.02
909	821	0.02	0.02
437	247	0.02	0.02
895	894	0.02	0.02
31	388	0.02	0.02
686	209	0.02	0.02
37	692	0.02	0.02
230	225	0.02	0.02
675	868	0.02	0.02
198	212	0.02	0.02
12	143	0.02	0.02
79	87	0.02	0.02
659	376	0.02	0.02
420	423	0.02	0.02
555	290	0.02	0.02
98	354	0.02	0.02
485	368	0.02	0.02
567	775	0.02	0.02
170	729	0.02	0.02
120	94	0.02	0.02
316	203	0.02	0.02
638	44	0.02	0.02
381	432	0.02	0.02
937	66	0.02	0.02
120	92	0.02	0.02
65	253	0.02	0.02
174	175	0.02	0.02
420	90	0.02	0.02
533	512	0.02	0.02
906	205	0.02	0.02
547	212	0.02	0.02
605	246	0.02	0.02
657	217	0.02	0.02
457	387	0.02	0.02
176	135	0.02	0.02
507	709	0.02	0.02
200	417	0.02	0.02
400	163	0.02	0.02
80	200	0.02	0.02
37	526	0.02	0.02
3	330	0.02	0.02
166	184	0.02	0.02
42	83	0.02	0.02
218	199	0.02	0.02
918	818	0.02	0.02
892	395	0.02	0.02
43	330	0.02	0.02
453	48	0.02	0.02
40	658	0.02	0.02
338	267	0.02	0.02
19	328	0.02	0.02
373	83	0.02	0.02
128	788	0.02	0.02
728	676	0.02	0.02
887	81	0.02	0.02
864	378	0.02	0.02
124	413	0.02	0.02
735	933	0.02	0.02
196	60	0.02	0.02
735	931	0.02	0.02
614	109	0.02	0.02
609	11	0.02	0.02
686	933	0.02	0.02
98	121	0.02	0.02
874	721	0.02	0.02
128	125	0.02	0.02
235	212	0.02	0.02
4	7	0.02	0.02
376	435	0.02	0.02
242	8	0.02	0.02
691	195	0.02	0.02
137	70	0.02	0.02
81	310	0.02	0.02
414	668	0.02	0.02
19	7	0.02	0.02
232	69	0.02	0.02
395	148	0.02	0.02
434	676	0.02	0.02
728	933	0.02	0.02
412	338	0.02	0.02
410	568	0.02	0.02
402	401	0.02	0.02
458	786	0.02	0.02
266	502	0.02	0.02
322	249	0.02	0.02
383	32	0.02	0.02
110	319	0.02	0.02
549	404	0.02	0.02
272	151	0.02	0.02
297	184	0.02	0.02
40	720	0.02	0.02
141	415	0.02	0.02
172	355	0.02	0.02
352	434	0.02	0.02
481	931	0.02	0.02
1	270	0.02	0.02
235	151	0.02	0.02
876	664	0.02	0.02
401	398	0.02	0.02
42	448	0.02	0.02
338	138	0.02	0.02
231	143	0.02	0.02
634	504	0.02	0.02
551	205	0.02	0.02
121	383	0.02	0.02
689	157	0.02	0.02
504	806	0.02	0.02
823	53	0.02	0.02
146	395	0.02	0.02
381	148	0.02	0.02
737	211	0.02	0.02
385	743	0.02	0.02
494	918	0.02	0.02
9	96	0.02	0.02
441	668	0.02	0.02
93	399	0.02	0.02
45	323	0.02	0.02
870	4	0.02	0.02
16	203	0.02	0.02
454	19	0.02	0.02
171	206	0.02	0.02
66	255	0.02	0.02
666	11	0.02	0.02
867	865	0.02	0.02
14	431	0.02	0.02
1	66	0.02	0.02
354	320	0.02	0.02
352	386	0.02	0.02
92	236	0.02	0.02
204	228	0.02	0.02
348	164	0.02	0.02
143	140	0.02	0.02
160	161	0.02	0.02
522	124	0.02	0.02
328	56	0.02	0.02
164	580	0.02	0.02
292	493	0.02	0.02
87	425	0.02	0.02
717	346	0.02	0.02
151	336	0.02	0.02
155	47	0.02	0.02
226	47	0.02	0.02
505	199	0.02	0.02
606	277	0.02	0.02
266	1	0.02	0.02
45	63	0.02	0.02
398	223	0.02	0.02
3	460	0.02	0.02
505	196	0.02	0.02
449	28	0.02	0.02
102	295	0.02	0.02
6	691	0.02	0.02
6	690	0.02	0.02
78	598	0.02	0.02
270	406	0.02	0.02
360	847	0.02	0.02
252	345	0.02	0.02
638	656	0.02	0.02
11	305	0.02	0.02
406	390	0.02	0.02
11	307	0.02	0.02
773	758	0.02	0.02
151	429	0.02	0.02
715	195	0.02	0.02
32	420	0.02	0.02
767	769	0.02	0.02
132	91	0.02	0.02
631	75	0.02	0.02
87	553	0.02	0.02
151	204	0.02	0.02
925	628	0.02	0.02
190	406	0.02	0.02
296	235	0.02	0.02
71	224	0.02	0.02
391	838	0.02	0.02
927	9	0.02	0.02
151	208	0.02	0.02
151	758	0.02	0.02
476	379	0.02	0.02
24	200	0.02	0.02
612	78	0.02	0.02
59	316	0.02	0.02
923	362	0.02	0.02
296	164	0.02	0.02
123	388	0.02	0.02
340	626	0.02	0.02
151	150	0.02	0.02
435	408	0.02	0.02
553	148	0.02	0.02
96	198	0.02	0.02
151	32	0.02	0.02
744	229	0.02	0.02
119	657	0.02	0.02
75	198	0.02	0.02
152	246	0.02	0.02
827	860	0.02	0.02
356	91	0.02	0.02
806	246	0.02	0.02
598	937	0.02	0.02
235	166	0.02	0.02
71	692	0.02	0.02
40	749	0.02	0.02
238	644	0.02	0.02
805	713	0.02	0.02
320	3	0.02	0.02
609	194	0.02	0.02
239	69	0.02	0.02
609	56	0.02	0.02
290	612	0.02	0.02
638	259	0.02	0.02
677	434	0.02	0.02
137	381	0.02	0.02
30	860	0.02	0.02
880	26	0.02	0.02
90	30	0.02	0.02
678	886	0.02	0.02
90	32	0.02	0.02
24	98	0.02	0.02
830	3	0.02	0.02
930	103	0.02	0.02
867	572	0.02	0.02
79	629	0.02	0.02
185	306	0.02	0.02
210	211	0.02	0.02
374	322	0.02	0.02
240	507	0.02	0.02
572	858	0.02	0.02
433	735	0.02	0.02
100	295	0.02	0.02
586	485	0.02	0.02
75	67	0.02	0.02
165	235	0.02	0.02
76	353	0.02	0.02
311	586	0.02	0.02
311	587	0.02	0.02
505	376	0.02	0.02
259	900	0.02	0.02
231	177	0.02	0.02
97	74	0.02	0.02
883	858	0.02	0.02
480	331	0.02	0.02
234	151	0.02	0.02
37	553	0.02	0.02
291	406	0.02	0.02
676	437	0.02	0.02
764	148	0.02	0.02
231	137	0.02	0.02
395	51	0.02	0.02
573	96	0.02	0.02
795	571	0.02	0.02
81	279	0.02	0.02
211	638	0.02	0.02
204	205	0.02	0.02
205	211	0.02	0.02
224	48	0.02	0.02
909	388	0.02	0.02
12	171	0.02	0.02
97	70	0.02	0.02
740	469	0.02	0.02
195	408	0.02	0.02
122	537	0.02	0.02
247	304	0.02	0.02
749	320	0.02	0.02
533	35	0.02	0.02
24	18	0.02	0.02
195	401	0.02	0.02
154	37	0.02	0.02
924	18	0.02	0.02
400	433	0.02	0.02
361	378	0.02	0.02
503	11	0.02	0.02
268	141	0.02	0.02
126	127	0.02	0.02
901	71	0.02	0.02
50	266	0.02	0.02
247	497	0.02	0.02
470	74	0.02	0.02
564	404	0.02	0.02
673	533	0.02	0.02
197	96	0.02	0.02
440	576	0.02	0.02
937	316	0.02	0.02
343	83	0.02	0.02
62	384	0.02	0.02
555	70	0.02	0.02
128	83	0.02	0.02
124	84	0.02	0.02
384	356	0.02	0.02
734	622	0.02	0.02
217	201	0.02	0.02
255	89	0.02	0.02
217	203	0.02	0.02
212	184	0.02	0.02
756	319	0.02	0.02
659	698	0.02	0.02
843	58	0.02	0.02
203	908	0.02	0.02
219	224	0.02	0.02
132	19	0.02	0.02
184	261	0.02	0.02
537	535	0.02	0.02
31	191	0.02	0.02
587	81	0.02	0.02
583	87	0.02	0.02
143	908	0.02	0.02
446	177	0.02	0.02
508	83	0.02	0.02
66	202	0.02	0.02
43	632	0.02	0.02
245	399	0.02	0.02
891	918	0.02	0.02
320	394	0.02	0.02
196	195	0.02	0.02
18	316	0.02	0.02
920	596	0.02	0.02
11	122	0.02	0.02
538	391	0.02	0.02
75	285	0.02	0.02
934	527	0.02	0.02
170	464	0.02	0.02
486	66	0.02	0.02
545	395	0.02	0.02
479	42	0.02	0.02
152	323	0.02	0.02
591	428	0.02	0.02
26	200	0.02	0.02
591	425	0.02	0.02
655	323	0.02	0.02
402	508	0.02	0.02
151	191	0.02	0.02
262	846	0.02	0.02
753	61	0.02	0.02
851	6	0.02	0.02
414	523	0.02	0.02
415	217	0.02	0.02
259	124	0.02	0.02
63	664	0.02	0.02
11	128	0.02	0.02
727	401	0.02	0.02
537	280	0.02	0.02
86	547	0.02	0.02
218	693	0.02	0.02
631	388	0.02	0.02
155	908	0.02	0.02
108	200	0.02	0.02
537	442	0.02	0.02
715	853	0.02	0.02
443	279	0.02	0.02
524	137	0.02	0.02
179	138	0.02	0.02
565	430	0.02	0.02
663	170	0.02	0.02
296	166	0.02	0.02
290	372	0.02	0.02
7	75	0.02	0.02
934	205	0.02	0.02
99	70	0.02	0.02
259	47	0.02	0.02
395	561	0.02	0.02
183	13	0.02	0.02
597	402	0.02	0.02
655	743	0.02	0.02
314	315	0.02	0.02
597	407	0.02	0.02
817	48	0.02	0.02
614	7	0.02	0.02
39	105	0.02	0.02
126	304	0.02	0.02
743	47	0.02	0.02
328	729	0.02	0.02
33	302	0.02	0.02
7	616	0.02	0.02
27	278	0.02	0.02
138	517	0.02	0.02
61	203	0.02	0.02
626	326	0.02	0.02
368	220	0.02	0.02
238	247	0.02	0.02
322	897	0.02	0.02
11	31	0.02	0.02
350	27	0.02	0.02
783	233	0.02	0.02
22	612	0.02	0.02
865	50	0.02	0.02
454	523	0.02	0.02
504	672	0.02	0.02
203	706	0.02	0.02
901	609	0.02	0.02
188	151	0.02	0.02
574	70	0.02	0.02
743	603	0.02	0.02
460	48	0.02	0.02
3	4	0.02	0.02
380	358	0.02	0.02
83	151	0.02	0.02
911	720	0.02	0.02
165	164	0.02	0.02
291	909	0.02	0.02
170	135	0.02	0.02
86	135	0.02	0.02
484	234	0.02	0.02
86	132	0.02	0.02
272	296	0.02	0.02
228	576	0.02	0.02
864	693	0.02	0.02
535	524	0.02	0.02
642	212	0.02	0.02
535	522	0.02	0.02
782	12	0.02	0.02
675	267	0.02	0.02
23	152	0.02	0.02
748	565	0.02	0.02
9	686	0.02	0.02
126	204	0.02	0.02
335	188	0.02	0.02
664	615	0.02	0.02
908	516	0.02	0.02
139	106	0.02	0.02
522	403	0.02	0.02
158	152	0.02	0.02
886	597	0.02	0.02
305	230	0.02	0.02
63	515	0.02	0.02
727	708	0.02	0.02
287	560	0.02	0.02
727	707	0.02	0.02
405	675	0.02	0.02
305	376	0.02	0.02
699	138	0.02	0.02
363	290	0.02	0.02
537	267	0.02	0.02
354	248	0.02	0.02
189	84	0.02	0.02
337	715	0.02	0.02
71	365	0.02	0.02
189	80	0.02	0.02
539	698	0.02	0.02
73	217	0.02	0.02
711	357	0.02	0.02
7	387	0.02	0.02
417	81	0.02	0.02
615	79	0.02	0.02
141	404	0.02	0.02
874	406	0.02	0.02
27	149	0.02	0.02
27	148	0.02	0.02
83	536	0.02	0.02
42	346	0.02	0.02
864	542	0.02	0.02
227	118	0.02	0.02
135	140	0.02	0.02
57	170	0.02	0.02
235	747	0.02	0.02
71	53	0.02	0.02
328	189	0.02	0.02
338	141	0.02	0.02
122	406	0.02	0.02
685	98	0.02	0.02
834	946	0.02	0.02
89	1	0.02	0.02
568	464	0.02	0.02
441	671	0.02	0.02
360	290	0.02	0.02
959	655	0.02	0.02
393	283	0.02	0.02
244	899	0.02	0.02
42	122	0.02	0.02
242	79	0.02	0.02
783	901	0.02	0.02
68	239	0.02	0.02
800	454	0.02	0.02
414	270	0.02	0.02
279	227	0.02	0.02
217	948	0.02	0.02
104	151	0.02	0.02
12	229	0.02	0.02
235	348	0.02	0.02
872	518	0.02	0.02
925	183	0.02	0.02
175	318	0.02	0.02
305	189	0.02	0.02
142	602	0.02	0.02
708	397	0.02	0.02
152	141	0.02	0.02
217	746	0.02	0.02
16	418	0.02	0.02
684	486	0.02	0.02
594	243	0.02	0.02
658	598	0.02	0.02
219	195	0.02	0.02
899	563	0.02	0.02
451	452	0.02	0.02
328	22	0.02	0.02
33	65	0.02	0.02
318	34	0.02	0.02
87	122	0.02	0.02
507	401	0.02	0.02
27	507	0.02	0.02
33	63	0.02	0.02
124	951	0.02	0.02
455	717	0.02	0.02
715	508	0.02	0.02
59	11	0.02	0.02
521	140	0.02	0.02
109	170	0.02	0.02
155	58	0.02	0.02
304	395	0.02	0.02
344	556	0.02	0.02
265	556	0.02	0.02
859	141	0.02	0.02
135	529	0.02	0.02
311	887	0.02	0.02
859	412	0.02	0.02
508	731	0.02	0.02
643	155	0.02	0.02
69	68	0.02	0.02
562	234	0.02	0.02
767	771	0.02	0.02
42	234	0.02	0.02
6	517	0.02	0.02
160	575	0.02	0.02
558	205	0.02	0.02
291	30	0.02	0.02
32	99	0.02	0.02
136	81	0.02	0.02
14	59	0.02	0.02
231	385	0.02	0.02
581	400	0.02	0.02
155	644	0.02	0.02
803	100	0.02	0.02
43	443	0.02	0.02
175	686	0.02	0.02
473	47	0.02	0.02
455	741	0.02	0.02
85	413	0.02	0.02
526	635	0.02	0.02
296	273	0.02	0.02
453	452	0.02	0.02
102	611	0.02	0.02
893	432	0.02	0.02
50	52	0.02	0.02
135	871	0.02	0.02
135	872	0.02	0.02
200	62	0.02	0.02
169	164	0.02	0.02
226	236	0.02	0.02
382	26	0.02	0.02
73	56	0.02	0.02
289	63	0.02	0.02
497	348	0.02	0.02
409	794	0.02	0.02
212	141	0.02	0.02
169	168	0.02	0.02
576	675	0.02	0.02
811	48	0.02	0.02
79	438	0.02	0.02
555	956	0.02	0.02
176	497	0.02	0.02
866	12	0.02	0.02
602	135	0.02	0.02
62	579	0.02	0.02
627	714	0.02	0.02
71	683	0.02	0.02
816	37	0.02	0.02
921	238	0.02	0.02
442	707	0.02	0.02
564	563	0.02	0.02
231	565	0.02	0.02
155	157	0.02	0.02
846	593	0.02	0.02
564	591	0.02	0.02
37	672	0.02	0.02
677	437	0.02	0.02
676	765	0.02	0.02
30	28	0.02	0.02
48	459	0.02	0.02
340	520	0.02	0.02
290	394	0.02	0.02
209	894	0.02	0.02
588	48	0.02	0.02
806	311	0.02	0.02
151	103	0.02	0.02
48	455	0.02	0.02
362	151	0.02	0.02
570	571	0.02	0.02
177	141	0.02	0.02
759	446	0.02	0.02
456	342	0.02	0.02
279	321	0.02	0.02
318	164	0.02	0.02
143	536	0.02	0.02
382	292	0.02	0.02
346	504	0.02	0.02
522	141	0.02	0.02
73	75	0.02	0.02
231	140	0.02	0.02
625	276	0.02	0.02
66	27	0.02	0.02
226	307	0.02	0.02
649	800	0.02	0.02
43	393	0.02	0.02
262	90	0.02	0.02
45	685	0.02	0.02
11	173	0.02	0.02
372	135	0.02	0.02
399	223	0.02	0.02
586	634	0.02	0.02
113	430	0.02	0.02
573	574	0.02	0.02
42	434	0.02	0.02
429	939	0.02	0.02
547	217	0.02	0.02
653	555	0.02	0.02
126	73	0.02	0.02
695	79	0.02	0.02
749	338	0.02	0.02
429	420	0.02	0.02
367	794	0.02	0.02
429	422	0.02	0.02
742	773	0.02	0.02
384	253	0.02	0.02
532	105	0.02	0.02
480	3	0.02	0.02
120	93	0.02	0.02
11	639	0.02	0.02
660	595	0.02	0.02
115	53	0.02	0.02
18	11	0.02	0.02
295	105	0.02	0.02
124	90	0.02	0.02
62	397	0.02	0.02
311	642	0.02	0.02
59	109	0.02	0.02
26	478	0.02	0.02
392	198	0.02	0.02
598	798	0.02	0.02
43	801	0.02	0.02
305	820	0.02	0.02
184	164	0.02	0.02
211	320	0.02	0.02
180	466	0.02	0.02
580	296	0.02	0.02
585	48	0.02	0.02
445	87	0.02	0.02
211	68	0.02	0.02
264	357	0.02	0.02
184	273	0.02	0.02
553	73	0.02	0.02
537	523	0.02	0.02
21	9	0.02	0.02
184	279	0.02	0.02
222	102	0.02	0.02
106	912	0.02	0.02
255	53	0.02	0.02
238	15	0.02	0.02
505	326	0.02	0.02
266	414	0.02	0.02
3	833	0.02	0.02
491	455	0.02	0.02
440	385	0.02	0.02
141	142	0.02	0.02
240	101	0.02	0.02
333	717	0.02	0.02
325	380	0.02	0.02
842	66	0.02	0.02
279	821	0.02	0.02
259	32	0.02	0.02
799	865	0.02	0.02
504	266	0.02	0.02
718	619	0.02	0.02
279	711	0.02	0.02
91	158	0.02	0.02
498	426	0.02	0.02
156	155	0.02	0.02
91	151	0.02	0.02
3	30	0.02	0.02
150	238	0.02	0.02
831	840	0.02	0.02
577	98	0.02	0.02
65	383	0.02	0.02
259	135	0.02	0.02
454	357	0.02	0.02
200	270	0.02	0.02
391	586	0.02	0.02
906	681	0.02	0.02
153	339	0.02	0.02
39	84	0.02	0.02
563	839	0.02	0.02
99	192	0.02	0.02
380	902	0.02	0.02
3	267	0.02	0.02
119	94	0.02	0.02
563	675	0.02	0.02
620	376	0.02	0.02
287	189	0.02	0.02
233	26	0.02	0.02
37	322	0.02	0.02
83	100	0.02	0.02
47	556	0.02	0.02
632	552	0.02	0.02
794	12	0.02	0.02
203	442	0.02	0.02
729	675	0.02	0.02
303	151	0.02	0.02
305	328	0.02	0.02
218	438	0.02	0.02
222	230	0.02	0.02
535	737	0.02	0.02
78	932	0.02	0.02
126	376	0.02	0.02
75	33	0.02	0.02
412	622	0.02	0.02
464	378	0.02	0.02
412	556	0.02	0.02
378	239	0.02	0.02
200	476	0.02	0.02
751	101	0.02	0.02
571	176	0.02	0.02
464	376	0.02	0.02
525	414	0.02	0.02
53	180	0.02	0.02
47	431	0.02	0.02
675	687	0.02	0.02
98	693	0.02	0.02
38	24	0.02	0.02
579	573	0.02	0.02
134	539	0.02	0.02
63	211	0.02	0.02
63	210	0.02	0.02
231	76	0.02	0.02
189	180	0.02	0.02
764	33	0.02	0.02
395	426	0.02	0.02
734	710	0.02	0.02
227	361	0.02	0.02
141	321	0.02	0.02
525	800	0.02	0.02
122	16	0.02	0.02
930	663	0.02	0.02
170	100	0.02	0.02
7	752	0.02	0.02
126	203	0.02	0.02
560	620	0.02	0.02
230	112	0.02	0.02
373	430	0.02	0.02
269	557	0.02	0.02
218	223	0.02	0.02
615	708	0.02	0.02
205	737	0.02	0.02
454	192	0.02	0.02
297	235	0.02	0.02
23	7	0.02	0.02
189	141	0.02	0.02
568	203	0.02	0.02
121	267	0.02	0.02
414	648	0.02	0.02
103	736	0.02	0.02
179	12	0.02	0.02
90	712	0.02	0.02
133	577	0.02	0.02
200	508	0.02	0.02
60	59	0.02	0.02
659	406	0.02	0.02
370	338	0.02	0.02
266	267	0.02	0.02
395	164	0.02	0.02
782	586	0.02	0.02
420	489	0.02	0.02
235	173	0.02	0.02
164	398	0.02	0.02
706	287	0.02	0.02
66	570	0.02	0.02
135	98	0.02	0.02
631	200	0.02	0.02
162	286	0.02	0.02
733	338	0.02	0.02
492	66	0.02	0.02
519	39	0.02	0.02
349	193	0.02	0.02
599	600	0.02	0.02
612	508	0.02	0.02
522	73	0.02	0.02
637	454	0.02	0.02
834	153	0.02	0.02
245	395	0.02	0.02
103	427	0.02	0.02
572	322	0.02	0.02
714	834	0.02	0.02
338	151	0.02	0.02
212	889	0.02	0.02
145	88	0.02	0.02
142	500	0.02	0.02
243	505	0.02	0.02
834	795	0.02	0.02
90	31	0.02	0.02
461	882	0.02	0.02
174	576	0.02	0.02
143	274	0.02	0.02
1	80	0.02	0.02
400	26	0.02	0.02
27	11	0.02	0.02
535	143	0.02	0.02
477	379	0.02	0.02
371	3	0.02	0.02
599	63	0.02	0.02
11	335	0.02	0.02
27	283	0.02	0.02
27	281	0.02	0.02
536	73	0.02	0.02
27	285	0.02	0.02
363	122	0.02	0.02
138	70	0.02	0.02
733	36	0.02	0.02
262	578	0.02	0.02
322	139	0.02	0.02
877	311	0.02	0.02
298	151	0.02	0.02
451	848	0.02	0.02
233	432	0.02	0.02
6	7	0.02	0.02
880	897	0.02	0.02
122	707	0.02	0.02
3	403	0.02	0.02
181	397	0.02	0.02
484	546	0.02	0.02
3	23	0.02	0.02
33	11	0.02	0.02
622	710	0.02	0.02
438	657	0.02	0.02
419	12	0.02	0.02
7	322	0.02	0.02
155	60	0.02	0.02
120	440	0.02	0.02
46	685	0.02	0.02
894	246	0.02	0.02
592	354	0.02	0.02
45	46	0.02	0.02
493	48	0.02	0.02
470	109	0.02	0.02
851	235	0.02	0.02
345	274	0.02	0.02
70	712	0.02	0.02
79	338	0.02	0.02
71	565	0.02	0.02
397	597	0.02	0.02
634	534	0.02	0.02
658	293	0.02	0.02
304	259	0.02	0.02
323	63	0.02	0.02
200	865	0.02	0.02
346	441	0.02	0.02
437	289	0.02	0.02
475	103	0.02	0.02
234	404	0.02	0.02
235	590	0.02	0.02
84	370	0.02	0.02
337	68	0.02	0.02
940	754	0.02	0.02
168	164	0.02	0.02
227	43	0.02	0.02
725	397	0.02	0.02
57	591	0.02	0.02
814	48	0.02	0.02
246	398	0.02	0.02
760	317	0.02	0.02
455	311	0.02	0.02
743	889	0.02	0.02
248	339	0.02	0.02
430	63	0.02	0.02
599	867	0.02	0.02
900	149	0.02	0.02
406	667	0.02	0.02
216	75	0.02	0.02
260	47	0.02	0.02
91	11	0.02	0.02
62	141	0.02	0.02
559	75	0.02	0.02
653	68	0.02	0.02
957	673	0.02	0.02
24	225	0.02	0.02
404	17	0.02	0.02
226	223	0.02	0.02
693	733	0.02	0.02
211	508	0.02	0.02
186	164	0.02	0.02
20	87	0.02	0.02
606	320	0.02	0.02
200	866	0.02	0.02
47	610	0.02	0.02
11	560	0.02	0.02
397	468	0.02	0.02
33	328	0.02	0.02
622	360	0.02	0.02
279	561	0.02	0.02
409	549	0.02	0.02
459	365	0.02	0.02
334	231	0.02	0.02
345	37	0.02	0.02
615	320	0.02	0.02
160	409	0.02	0.02
238	624	0.02	0.02
623	154	0.02	0.02
62	727	0.02	0.02
409	696	0.02	0.02
623	152	0.02	0.02
15	384	0.02	0.02
920	522	0.02	0.02
251	3	0.02	0.02
809	48	0.02	0.02
139	465	0.02	0.02
420	158	0.02	0.02
484	381	0.02	0.02
609	406	0.02	0.02
200	497	0.02	0.02
304	7	0.02	0.02
538	800	0.02	0.02
8	111	0.02	0.02
345	260	0.02	0.02
372	103	0.02	0.02
200	1	0.02	0.02
836	436	0.02	0.02
596	102	0.02	0.02
124	238	0.02	0.02
106	43	0.02	0.02
263	513	0.02	0.02
921	401	0.02	0.02
375	11	0.02	0.02
613	351	0.02	0.02
254	66	0.02	0.02
231	407	0.02	0.02
40	1	0.02	0.02
670	846	0.02	0.02
863	84	0.02	0.02
795	596	0.02	0.02
231	408	0.02	0.02
1	512	0.02	0.02
11	106	0.02	0.02
184	710	0.02	0.02
233	677	0.02	0.02
361	35	0.02	0.02
395	714	0.02	0.02
124	31	0.02	0.02
394	392	0.02	0.02
31	98	0.02	0.02
234	195	0.02	0.02
204	71	0.02	0.02
71	359	0.02	0.02
195	290	0.02	0.02
701	395	0.02	0.02
36	329	0.02	0.02
76	398	0.02	0.02
80	406	0.02	0.02
296	105	0.02	0.02
742	765	0.02	0.02
61	920	0.02	0.02
703	521	0.02	0.02
357	589	0.02	0.02
305	96	0.02	0.02
504	307	0.02	0.02
751	400	0.02	0.02
254	448	0.02	0.02
596	743	0.02	0.02
369	164	0.02	0.02
355	640	0.02	0.02
134	435	0.02	0.02
3	130	0.02	0.02
96	8	0.02	0.02
3	132	0.02	0.02
80	24	0.02	0.02
536	253	0.02	0.02
3	139	0.02	0.02
686	671	0.02	0.02
1	47	0.02	0.02
100	123	0.02	0.02
685	711	0.02	0.02
11	612	0.02	0.02
100	124	0.02	0.02
129	200	0.02	0.02
815	48	0.02	0.02
450	773	0.02	0.02
743	533	0.02	0.02
694	13	0.02	0.02
632	551	0.02	0.02
363	913	0.02	0.02
424	162	0.02	0.02
446	354	0.02	0.02
367	346	0.02	0.02
536	204	0.02	0.02
5	262	0.02	0.02
925	865	0.02	0.02
1	10	0.02	0.02
122	83	0.02	0.02
31	137	0.02	0.02
482	3	0.02	0.02
691	394	0.02	0.02
192	325	0.02	0.02
947	356	0.02	0.02
898	47	0.02	0.02
683	11	0.02	0.02
673	381	0.02	0.02
891	933	0.02	0.02
121	26	0.02	0.02
75	717	0.02	0.02
611	358	0.02	0.02
824	378	0.02	0.02
294	155	0.02	0.02
121	366	0.02	0.02
66	3	0.02	0.02
463	346	0.02	0.02
428	290	0.02	0.02
413	286	0.02	0.02
44	37	0.02	0.02
66	5	0.02	0.02
27	153	0.02	0.02
143	670	0.02	0.02
446	758	0.02	0.02
7	217	0.02	0.02
918	919	0.02	0.02
617	711	0.02	0.02
602	246	0.02	0.02
180	211	0.02	0.02
233	263	0.02	0.02
446	756	0.02	0.02
170	590	0.02	0.02
746	515	0.02	0.02
164	187	0.02	0.02
482	348	0.02	0.02
323	361	0.02	0.02
329	590	0.02	0.02
329	591	0.02	0.02
161	121	0.02	0.02
454	345	0.02	0.02
277	75	0.02	0.02
233	19	0.02	0.02
889	234	0.02	0.02
487	29	0.02	0.02
179	155	0.02	0.02
420	155	0.02	0.02
701	420	0.02	0.02
563	132	0.02	0.02
436	406	0.02	0.02
63	194	0.02	0.02
17	712	0.02	0.02
240	374	0.02	0.02
734	671	0.02	0.02
671	851	0.02	0.02
120	657	0.02	0.02
791	179	0.02	0.02
345	514	0.02	0.02
85	90	0.02	0.02
217	484	0.02	0.02
416	406	0.02	0.02
230	139	0.02	0.02
86	35	0.02	0.02
525	11	0.02	0.02
754	87	0.02	0.02
796	797	0.02	0.02
75	28	0.02	0.02
235	95	0.02	0.02
75	26	0.02	0.02
796	798	0.02	0.02
769	832	0.02	0.02
873	103	0.02	0.02
151	289	0.02	0.02
8	110	0.02	0.02
176	522	0.02	0.02
81	368	0.02	0.02
25	192	0.02	0.02
508	105	0.02	0.02
421	624	0.02	0.02
378	227	0.02	0.02
865	79	0.02	0.02
205	296	0.02	0.02
222	100	0.02	0.02
60	30	0.02	0.02
567	324	0.02	0.02
337	179	0.02	0.02
591	172	0.02	0.02
174	121	0.02	0.02
128	596	0.02	0.02
563	404	0.02	0.02
65	285	0.02	0.02
102	103	0.02	0.02
234	8	0.02	0.02
820	233	0.02	0.02
679	179	0.02	0.02
137	191	0.02	0.02
137	190	0.02	0.02
47	686	0.02	0.02
521	38	0.02	0.02
28	515	0.02	0.02
642	279	0.02	0.02
460	67	0.02	0.02
380	370	0.02	0.02
398	903	0.02	0.02
170	351	0.02	0.02
782	79	0.02	0.02
176	324	0.02	0.02
675	231	0.02	0.02
50	388	0.02	0.02
207	119	0.02	0.02
543	814	0.02	0.02
81	471	0.02	0.02
466	560	0.02	0.02
873	434	0.02	0.02
755	135	0.02	0.02
456	218	0.02	0.02
141	337	0.02	0.02
95	385	0.02	0.02
8	596	0.02	0.02
473	283	0.02	0.02
702	75	0.02	0.02
843	240	0.02	0.02
12	241	0.02	0.02
83	198	0.02	0.02
78	659	0.02	0.02
620	12	0.02	0.02
200	680	0.02	0.02
910	909	0.02	0.02
53	95	0.02	0.02
138	170	0.02	0.02
370	304	0.02	0.02
261	321	0.02	0.02
143	38	0.02	0.02
90	708	0.02	0.02
235	298	0.02	0.02
566	441	0.02	0.02
141	334	0.02	0.02
670	340	0.02	0.02
711	409	0.02	0.02
62	70	0.02	0.02
356	429	0.02	0.02
279	6	0.02	0.02
608	36	0.02	0.02
306	184	0.02	0.02
371	39	0.02	0.02
508	821	0.02	0.02
5	1	0.02	0.02
11	19	0.02	0.02
300	235	0.02	0.02
702	137	0.02	0.02
874	176	0.02	0.02
373	719	0.02	0.02
409	302	0.02	0.02
119	236	0.02	0.02
205	619	0.02	0.02
401	871	0.02	0.02
401	872	0.02	0.02
509	83	0.02	0.02
14	3	0.02	0.02
765	28	0.02	0.02
816	141	0.02	0.02
650	414	0.02	0.02
21	328	0.02	0.02
187	235	0.02	0.02
140	329	0.02	0.02
7	710	0.02	0.02
392	360	0.02	0.02
441	699	0.02	0.02
421	441	0.02	0.02
317	47	0.02	0.02
599	73	0.02	0.02
211	13	0.02	0.02
130	233	0.02	0.02
81	588	0.02	0.02
189	372	0.02	0.02
279	799	0.02	0.02
322	122	0.02	0.02
241	602	0.02	0.02
191	24	0.02	0.02
211	615	0.02	0.02
434	244	0.02	0.02
151	301	0.02	0.02
392	354	0.02	0.02
211	614	0.02	0.02
520	1	0.02	0.02
20	48	0.02	0.02
47	859	0.02	0.02
135	321	0.02	0.02
668	638	0.02	0.02
279	155	0.02	0.02
634	311	0.02	0.02
103	708	0.02	0.02
103	259	0.02	0.02
645	158	0.02	0.02
151	580	0.02	0.02
92	119	0.02	0.02
246	721	0.02	0.02
139	259	0.02	0.02
686	899	0.02	0.02
849	622	0.02	0.02
72	74	0.02	0.02
352	195	0.02	0.02
87	699	0.02	0.02
115	66	0.02	0.02
258	151	0.02	0.02
605	18	0.02	0.02
217	195	0.02	0.02
228	659	0.02	0.02
11	374	0.02	0.02
81	637	0.02	0.02
355	795	0.02	0.02
536	90	0.02	0.02
504	318	0.02	0.02
352	353	0.02	0.02
226	15	0.02	0.02
87	217	0.02	0.02
498	235	0.02	0.02
454	642	0.02	0.02
87	212	0.02	0.02
338	408	0.02	0.02
731	173	0.02	0.02
47	124	0.02	0.02
615	912	0.02	0.02
901	436	0.02	0.02
235	273	0.02	0.02
232	155	0.02	0.02
409	738	0.02	0.02
33	321	0.02	0.02
135	217	0.02	0.02
14	79	0.02	0.02
90	556	0.02	0.02
38	171	0.02	0.02
233	518	0.02	0.02
337	79	0.02	0.02
141	496	0.02	0.02
217	333	0.02	0.02
923	13	0.02	0.02
206	40	0.02	0.02
151	766	0.02	0.02
385	561	0.02	0.02
155	620	0.02	0.02
313	414	0.02	0.02
522	27	0.02	0.02
124	1	0.02	0.02
947	473	0.02	0.02
285	654	0.02	0.02
124	333	0.02	0.02
406	698	0.02	0.02
451	543	0.02	0.02
475	684	0.02	0.02
684	584	0.02	0.02
304	530	0.02	0.02
258	212	0.02	0.02
392	247	0.02	0.02
498	151	0.02	0.02
185	151	0.02	0.02
931	355	0.02	0.02
50	365	0.02	0.02
189	346	0.02	0.02
685	858	0.02	0.02
62	559	0.02	0.02
357	581	0.02	0.02
2	79	0.02	0.02
87	459	0.02	0.02
685	851	0.02	0.02
87	109	0.02	0.02
128	448	0.02	0.02
602	21	0.02	0.02
75	178	0.02	0.02
48	474	0.02	0.02
48	475	0.02	0.02
384	382	0.02	0.02
279	27	0.02	0.02
448	28	0.02	0.02
638	571	0.02	0.02
676	211	0.02	0.02
645	209	0.02	0.02
231	502	0.02	0.02
438	285	0.02	0.02
100	244	0.02	0.02
90	63	0.02	0.02
693	898	0.02	0.02
650	800	0.02	0.02
151	168	0.02	0.02
927	135	0.02	0.02
951	397	0.02	0.02
240	533	0.02	0.02
151	164	0.02	0.02
151	166	0.02	0.02
913	381	0.02	0.02
71	952	0.02	0.02
664	235	0.02	0.02
420	373	0.02	0.02
834	210	0.02	0.02
553	212	0.02	0.02
701	47	0.02	0.02
56	270	0.02	0.02
274	487	0.02	0.02
78	143	0.02	0.02
909	216	0.02	0.02
695	392	0.02	0.02
3	234	0.02	0.02
232	323	0.02	0.02
153	686	0.02	0.02
622	181	0.02	0.02
495	337	0.02	0.02
254	75	0.02	0.02
522	2	0.02	0.02
38	724	0.02	0.02
131	66	0.02	0.02
932	79	0.02	0.02
586	585	0.02	0.02
109	1	0.02	0.02
73	91	0.02	0.02
165	151	0.02	0.02
671	821	0.02	0.02
934	424	0.02	0.02
228	90	0.02	0.02
173	172	0.02	0.02
115	75	0.02	0.02
749	319	0.02	0.02
520	591	0.02	0.02
159	264	0.02	0.02
831	3	0.02	0.02
337	392	0.02	0.02
79	709	0.02	0.02
444	485	0.02	0.02
783	458	0.02	0.02
915	561	0.02	0.02
269	888	0.02	0.02
769	139	0.02	0.02
497	228	0.02	0.02
28	485	0.02	0.02
84	198	0.02	0.02
220	50	0.02	0.02
385	307	0.02	0.02
3	122	0.02	0.02
59	113	0.02	0.02
777	843	0.02	0.02
560	200	0.02	0.02
793	451	0.02	0.02
602	124	0.02	0.02
657	420	0.02	0.02
3	582	0.02	0.02
46	323	0.02	0.02
827	11	0.02	0.02
56	137	0.02	0.02
663	603	0.02	0.02
287	228	0.02	0.02
389	36	0.02	0.02
184	298	0.02	0.02
184	299	0.02	0.02
667	340	0.02	0.02
234	519	0.02	0.02
590	255	0.02	0.02
397	909	0.02	0.02
862	58	0.02	0.02
548	27	0.02	0.02
547	659	0.02	0.02
217	562	0.02	0.02
279	800	0.02	0.02
653	894	0.02	0.02
520	661	0.02	0.02
707	508	0.02	0.02
295	296	0.02	0.02
387	777	0.02	0.02
151	15	0.02	0.02
90	84	0.02	0.02
591	904	0.02	0.02
705	28	0.02	0.02
655	607	0.02	0.02
206	550	0.02	0.02
109	683	0.02	0.02
7	231	0.02	0.02
236	201	0.02	0.02
106	243	0.02	0.02
45	68	0.02	0.02
885	354	0.02	0.02
8	307	0.02	0.02
118	140	0.02	0.02
184	456	0.02	0.02
423	624	0.02	0.02
800	313	0.02	0.02
603	753	0.02	0.02
355	275	0.02	0.02
325	122	0.02	0.02
122	596	0.02	0.02
143	114	0.02	0.02
595	628	0.02	0.02
376	218	0.02	0.02
143	112	0.02	0.02
120	223	0.02	0.02
212	442	0.02	0.02
414	137	0.02	0.02
413	703	0.02	0.02
120	226	0.02	0.02
401	98	0.02	0.02
357	155	0.02	0.02
598	903	0.02	0.02
337	381	0.02	0.02
357	151	0.02	0.02
74	459	0.02	0.02
7	20	0.02	0.02
79	859	0.02	0.02
653	354	0.02	0.02
508	58	0.02	0.02
83	727	0.02	0.02
653	353	0.02	0.02
386	679	0.02	0.02
446	41	0.02	0.02
154	511	0.02	0.02
140	61	0.02	0.02
141	527	0.02	0.02
622	865	0.02	0.02
246	289	0.02	0.02
719	170	0.02	0.02
849	838	0.02	0.02
856	233	0.02	0.02
409	83	0.02	0.02
212	205	0.02	0.02
611	20	0.02	0.02
31	102	0.02	0.02
161	734	0.02	0.02
591	739	0.02	0.02
75	11	0.02	0.02
807	30	0.02	0.02
75	16	0.02	0.02
121	574	0.02	0.02
75	14	0.02	0.02
154	338	0.02	0.02
8	13	0.02	0.02
783	200	0.02	0.02
229	1	0.02	0.02
505	11	0.02	0.02
218	398	0.02	0.02
895	320	0.02	0.02
380	495	0.02	0.02
802	794	0.02	0.02
322	686	0.02	0.02
333	840	0.02	0.02
210	378	0.02	0.02
17	342	0.02	0.02
577	161	0.02	0.02
114	58	0.02	0.02
731	576	0.02	0.02
727	697	0.02	0.02
617	154	0.02	0.02
439	38	0.02	0.02
240	614	0.02	0.02
53	635	0.02	0.02
174	135	0.02	0.02
135	620	0.02	0.02
918	144	0.02	0.02
205	753	0.02	0.02
940	14	0.02	0.02
940	13	0.02	0.02
302	27	0.02	0.02
218	245	0.02	0.02
751	3	0.02	0.02
864	339	0.02	0.02
955	375	0.02	0.02
128	217	0.02	0.02
757	773	0.02	0.02
36	8	0.02	0.02
141	180	0.02	0.02
900	317	0.02	0.02
63	69	0.02	0.02
46	680	0.02	0.02
802	804	0.02	0.02
530	377	0.02	0.02
501	47	0.02	0.02
508	627	0.02	0.02
230	461	0.02	0.02
508	623	0.02	0.02
869	58	0.02	0.02
435	13	0.02	0.02
46	68	0.02	0.02
886	721	0.02	0.02
21	135	0.02	0.02
83	372	0.02	0.02
166	164	0.02	0.02
381	502	0.02	0.02
525	311	0.02	0.02
305	249	0.02	0.02
56	74	0.02	0.02
933	217	0.02	0.02
533	425	0.02	0.02
328	121	0.02	0.02
32	100	0.02	0.02
908	944	0.02	0.02
569	425	0.02	0.02
792	761	0.02	0.02
27	551	0.02	0.02
211	98	0.02	0.02
414	312	0.02	0.02
103	398	0.02	0.02
414	310	0.02	0.02
895	360	0.02	0.02
62	63	0.02	0.02
714	279	0.02	0.02
88	396	0.02	0.02
62	59	0.02	0.02
47	341	0.02	0.02
30	226	0.02	0.02
122	50	0.02	0.02
37	279	0.02	0.02
338	394	0.02	0.02
481	200	0.02	0.02
551	68	0.02	0.02
3	478	0.02	0.02
253	73	0.02	0.02
955	803	0.02	0.02
504	730	0.02	0.02
119	201	0.02	0.02
398	925	0.02	0.02
744	668	0.02	0.02
401	842	0.02	0.02
406	266	0.02	0.02
383	727	0.02	0.02
205	403	0.02	0.02
205	402	0.02	0.02
158	619	0.02	0.02
190	151	0.02	0.02
874	619	0.02	0.02
645	454	0.02	0.02
57	58	0.02	0.02
659	513	0.02	0.02
125	430	0.02	0.02
93	92	0.02	0.02
406	476	0.02	0.02
13	179	0.02	0.02
70	459	0.02	0.02
694	290	0.02	0.02
743	247	0.02	0.02
60	515	0.02	0.02
139	243	0.02	0.02
654	653	0.02	0.02
401	596	0.02	0.02
191	32	0.02	0.02
90	602	0.02	0.02
378	424	0.02	0.02
558	816	0.02	0.02
634	308	0.02	0.02
290	337	0.02	0.02
302	184	0.02	0.02
429	441	0.02	0.02
158	105	0.02	0.02
173	83	0.02	0.02
728	195	0.02	0.02
433	199	0.02	0.02
687	296	0.02	0.02
368	840	0.02	0.02
258	419	0.02	0.02
27	243	0.02	0.02
192	121	0.02	0.02
392	436	0.02	0.02
863	432	0.02	0.02
646	230	0.02	0.02
857	233	0.02	0.02
258	141	0.02	0.02
89	675	0.02	0.02
9	25	0.02	0.02
23	170	0.02	0.02
61	836	0.02	0.02
81	648	0.02	0.02
81	649	0.02	0.02
37	903	0.02	0.02
155	387	0.02	0.02
946	100	0.02	0.02
155	389	0.02	0.02
442	880	0.02	0.02
929	319	0.02	0.02
398	265	0.02	0.02
45	211	0.02	0.02
498	200	0.02	0.02
560	614	0.02	0.02
83	265	0.02	0.02
393	323	0.02	0.02
624	323	0.02	0.02
535	364	0.02	0.02
772	767	0.02	0.02
65	198	0.02	0.02
851	736	0.02	0.02
429	135	0.02	0.02
90	287	0.02	0.02
900	109	0.02	0.02
830	769	0.02	0.02
802	11	0.02	0.02
578	176	0.02	0.02
432	433	0.02	0.02
35	74	0.02	0.02
929	211	0.02	0.02
91	34	0.02	0.02
135	827	0.02	0.02
233	702	0.02	0.02
390	613	0.02	0.02
189	24	0.02	0.02
560	477	0.02	0.02
522	753	0.02	0.02
179	74	0.02	0.02
392	655	0.02	0.02
38	612	0.02	0.02
309	81	0.02	0.02
5	47	0.02	0.02
74	9	0.02	0.02
530	18	0.02	0.02
124	325	0.02	0.02
406	685	0.02	0.02
459	290	0.02	0.02
74	7	0.02	0.02
401	338	0.02	0.02
686	408	0.02	0.02
716	103	0.02	0.02
761	235	0.02	0.02
458	784	0.02	0.02
416	821	0.02	0.02
378	611	0.02	0.02
458	789	0.02	0.02
162	4	0.02	0.02
372	698	0.02	0.02
247	6	0.02	0.02
437	394	0.02	0.02
33	34	0.02	0.02
33	31	0.02	0.02
456	455	0.02	0.02
532	267	0.02	0.02
48	463	0.02	0.02
258	563	0.02	0.02
48	461	0.02	0.02
625	334	0.02	0.02
48	467	0.02	0.02
420	173	0.02	0.02
48	465	0.02	0.02
140	594	0.02	0.02
296	168	0.02	0.02
880	24	0.02	0.02
48	469	0.02	0.02
48	468	0.02	0.02
100	252	0.02	0.02
56	192	0.02	0.02
211	382	0.02	0.02
431	122	0.02	0.02
318	151	0.02	0.02
286	112	0.02	0.02
686	535	0.02	0.02
11	126	0.02	0.02
11	127	0.02	0.02
204	246	0.02	0.02
221	81	0.02	0.02
364	351	0.02	0.02
70	304	0.02	0.02
26	37	0.02	0.02
46	205	0.02	0.02
153	203	0.02	0.02
70	218	0.02	0.02
153	694	0.02	0.02
505	139	0.02	0.02
865	838	0.02	0.02
200	157	0.02	0.02
103	96	0.02	0.02
586	535	0.02	0.02
11	908	0.02	0.02
220	414	0.02	0.02
885	761	0.02	0.02
231	174	0.02	0.02
448	203	0.02	0.02
195	681	0.02	0.02
228	151	0.02	0.02
88	918	0.02	0.02
420	356	0.02	0.02
353	719	0.02	0.02
880	414	0.02	0.02
195	689	0.02	0.02
195	688	0.02	0.02
231	195	0.02	0.02
468	683	0.02	0.02
897	90	0.02	0.02
565	615	0.02	0.02
75	481	0.02	0.02
708	398	0.02	0.02
632	140	0.02	0.02
233	852	0.02	0.02
301	184	0.02	0.02
122	849	0.02	0.02
149	75	0.02	0.02
230	926	0.02	0.02
193	198	0.02	0.02
143	275	0.02	0.02
355	664	0.02	0.02
72	619	0.02	0.02
738	863	0.02	0.02
908	571	0.02	0.02
691	882	0.02	0.02
728	56	0.02	0.02
69	248	0.02	0.02
691	157	0.02	0.02
689	6	0.02	0.02
211	259	0.02	0.02
415	22	0.02	0.02
193	205	0.02	0.02
842	698	0.02	0.02
136	587	0.02	0.02
259	17	0.02	0.02
579	164	0.02	0.02
491	452	0.02	0.02
75	737	0.02	0.02
247	235	0.02	0.02
98	731	0.02	0.02
389	28	0.02	0.02
531	68	0.02	0.02
56	738	0.02	0.02
441	307	0.02	0.02
611	372	0.02	0.02
11	933	0.02	0.02
117	8	0.02	0.02
228	143	0.02	0.02
169	151	0.02	0.02
593	673	0.02	0.02
217	777	0.02	0.02
866	597	0.02	0.02
248	864	0.02	0.02
20	880	0.02	0.02
186	296	0.02	0.02
289	240	0.02	0.02
720	591	0.02	0.02
623	358	0.02	0.02
653	697	0.02	0.02
475	86	0.02	0.02
876	441	0.02	0.02
602	731	0.02	0.02
9	103	0.02	0.02
9	100	0.02	0.02
150	53	0.02	0.02
372	307	0.02	0.02
20	950	0.02	0.02
756	736	0.02	0.02
871	623	0.02	0.02
710	215	0.02	0.02
506	376	0.02	0.02
262	576	0.02	0.02
573	381	0.02	0.02
602	226	0.02	0.02
26	532	0.02	0.02
840	200	0.02	0.02
208	11	0.02	0.02
63	424	0.02	0.02
484	387	0.02	0.02
392	231	0.02	0.02
864	607	0.02	0.02
120	236	0.02	0.02
47	635	0.02	0.02
357	140	0.02	0.02
714	681	0.02	0.02
218	412	0.02	0.02
86	56	0.02	0.02
141	74	0.02	0.02
79	840	0.02	0.02
556	393	0.02	0.02
357	384	0.02	0.02
521	240	0.02	0.02
178	124	0.02	0.02
198	244	0.02	0.02
685	218	0.02	0.02
250	211	0.02	0.02
78	949	0.02	0.02
685	198	0.02	0.02
524	171	0.02	0.02
320	756	0.02	0.02
446	70	0.02	0.02
53	112	0.02	0.02
12	132	0.02	0.02
307	733	0.02	0.02
13	711	0.02	0.02
697	58	0.02	0.02
560	85	0.02	0.02
50	825	0.02	0.02
348	376	0.02	0.02
873	437	0.02	0.02
28	103	0.02	0.02
518	871	0.02	0.02
946	880	0.02	0.02
694	603	0.02	0.02
330	194	0.02	0.02
563	420	0.02	0.02
591	622	0.02	0.02
161	567	0.02	0.02
218	386	0.02	0.02
202	11	0.02	0.02
758	582	0.02	0.02
446	248	0.02	0.02
655	940	0.02	0.02
397	246	0.02	0.02
135	122	0.02	0.02
553	685	0.02	0.02
637	534	0.02	0.02
123	323	0.02	0.02
677	671	0.02	0.02
70	847	0.02	0.02
535	562	0.02	0.02
686	305	0.02	0.02
275	218	0.02	0.02
753	864	0.02	0.02
440	326	0.02	0.02
443	591	0.02	0.02
435	380	0.02	0.02
515	11	0.02	0.02
677	68	0.02	0.02
99	719	0.02	0.02
240	102	0.02	0.02
900	304	0.02	0.02
98	579	0.02	0.02
398	630	0.02	0.02
170	171	0.02	0.02
509	609	0.02	0.02
879	743	0.02	0.02
935	776	0.02	0.02
320	671	0.02	0.02
802	340	0.02	0.02
3	475	0.02	0.02
383	151	0.02	0.02
266	80	0.02	0.02
427	151	0.02	0.02
607	43	0.02	0.02
908	57	0.02	0.02
112	60	0.02	0.02
32	172	0.02	0.02
143	59	0.02	0.02
254	247	0.02	0.02
322	217	0.02	0.02
174	217	0.02	0.02
274	255	0.02	0.02
16	417	0.02	0.02
414	305	0.02	0.02
322	218	0.02	0.02
90	727	0.02	0.02
297	151	0.02	0.02
203	898	0.02	0.02
14	773	0.02	0.02
184	168	0.02	0.02
47	572	0.02	0.02
238	352	0.02	0.02
27	107	0.02	0.02
433	478	0.02	0.02
110	205	0.02	0.02
390	79	0.02	0.02
238	358	0.02	0.02
309	414	0.02	0.02
105	736	0.02	0.02
25	135	0.02	0.02
311	314	0.02	0.02
940	794	0.02	0.02
83	264	0.02	0.02
816	547	0.02	0.02
83	262	0.02	0.02
565	624	0.02	0.02
152	810	0.02	0.02
189	25	0.02	0.02
3	243	0.02	0.02
490	153	0.02	0.02
385	795	0.02	0.02
406	217	0.02	0.02
28	470	0.02	0.02
636	42	0.02	0.02
57	47	0.02	0.02
398	412	0.02	0.02
677	385	0.02	0.02
198	820	0.02	0.02
172	100	0.02	0.02
47	218	0.02	0.02
565	397	0.02	0.02
861	100	0.02	0.02
240	151	0.02	0.02
232	349	0.02	0.02
593	243	0.02	0.02
12	860	0.02	0.02
731	710	0.02	0.02
331	137	0.02	0.02
7	431	0.02	0.02
151	187	0.02	0.02
289	292	0.02	0.02
664	87	0.02	0.02
527	617	0.02	0.02
80	25	0.02	0.02
80	22	0.02	0.02
71	435	0.02	0.02
80	21	0.02	0.02
17	16	0.02	0.02
872	557	0.02	0.02
17	12	0.02	0.02
75	836	0.02	0.02
253	132	0.02	0.02
164	456	0.02	0.02
874	756	0.02	0.02
380	604	0.02	0.02
786	672	0.02	0.02
71	553	0.02	0.02
223	236	0.02	0.02
98	158	0.02	0.02
420	62	0.02	0.02
298	164	0.02	0.02
729	3	0.02	0.02
180	406	0.02	0.02
392	428	0.02	0.02
235	414	0.02	0.02
316	522	0.02	0.02
607	135	0.02	0.02
311	588	0.02	0.02
311	310	0.02	0.02
311	313	0.02	0.02
894	380	0.02	0.02
155	11	0.02	0.02
37	834	0.02	0.02
269	75	0.02	0.02
505	729	0.02	0.02
81	651	0.02	0.02
81	650	0.02	0.02
273	185	0.02	0.02
683	241	0.02	0.02
656	707	0.02	0.02
176	35	0.02	0.02
731	395	0.02	0.02
279	356	0.02	0.02
719	2	0.02	0.02
212	920	0.02	0.02
398	152	0.02	0.02
417	75	0.02	0.02
414	128	0.02	0.02
912	553	0.02	0.02
642	81	0.02	0.02
631	24	0.02	0.02
238	33	0.02	0.02
47	53	0.02	0.02
648	800	0.02	0.02
248	355	0.02	0.02
47	56	0.02	0.02
872	133	0.02	0.02
35	392	0.02	0.02
863	533	0.02	0.02
199	189	0.02	0.02
40	827	0.02	0.02
14	15	0.02	0.02
28	50	0.02	0.02
162	458	0.02	0.02
231	698	0.02	0.02
686	18	0.02	0.02
178	66	0.02	0.02
622	322	0.02	0.02
79	385	0.02	0.02
367	81	0.02	0.02
200	832	0.02	0.02
498	130	0.02	0.02
703	11	0.02	0.02
660	750	0.02	0.02
345	335	0.02	0.02
553	381	0.02	0.02
511	291	0.02	0.02
122	624	0.02	0.02
164	508	0.02	0.02
17	124	0.02	0.02
18	601	0.02	0.02
291	632	0.02	0.02
288	85	0.02	0.02
327	53	0.02	0.02
621	735	0.02	0.02
104	103	0.02	0.02
231	740	0.02	0.02
23	245	0.02	0.02
19	740	0.02	0.02
821	289	0.02	0.02
151	369	0.02	0.02
67	131	0.02	0.02
750	841	0.02	0.02
618	709	0.02	0.02
624	422	0.02	0.02
546	304	0.02	0.02
625	325	0.02	0.02
61	264	0.02	0.02
151	141	0.02	0.02
151	630	0.02	0.02
356	736	0.02	0.02
100	261	0.02	0.02
502	47	0.02	0.02
873	291	0.02	0.02
73	535	0.02	0.02
258	590	0.02	0.02
821	630	0.02	0.02
11	73	0.02	0.02
48	252	0.02	0.02
122	244	0.02	0.02
62	228	0.02	0.02
267	135	0.02	0.02
258	356	0.02	0.02
56	189	0.02	0.02
8	9	0.02	0.02
24	346	0.02	0.02
395	396	0.02	0.02
602	645	0.02	0.02
46	239	0.02	0.02
227	376	0.02	0.02
189	106	0.02	0.02
144	428	0.02	0.02
883	11	0.02	0.02
334	837	0.02	0.02
56	217	0.02	0.02
451	960	0.02	0.02
152	493	0.02	0.02
26	24	0.02	0.02
741	609	0.02	0.02
388	305	0.02	0.02
101	546	0.02	0.02
94	93	0.02	0.02
407	863	0.02	0.02
254	56	0.02	0.02
387	914	0.02	0.02
75	123	0.02	0.02
619	558	0.02	0.02
217	728	0.02	0.02
110	685	0.02	0.02
75	125	0.02	0.02
144	395	0.02	0.02
540	240	0.02	0.02
218	234	0.02	0.02
204	83	0.02	0.02
768	767	0.02	0.02
340	415	0.02	0.02
124	125	0.02	0.02
230	485	0.02	0.02
613	418	0.02	0.02
500	47	0.02	0.02
356	240	0.02	0.02
279	211	0.02	0.02
585	451	0.02	0.02
135	109	0.02	0.02
184	580	0.02	0.02
736	60	0.02	0.02
48	818	0.02	0.02
95	38	0.02	0.02
3	108	0.02	0.02
341	790	0.02	0.02
885	532	0.02	0.02
355	672	0.02	0.02
48	810	0.02	0.02
280	535	0.02	0.02
48	816	0.02	0.02
3	102	0.02	0.02
197	437	0.02	0.02
442	20	0.02	0.02
84	287	0.02	0.02
195	235	0.02	0.02
211	248	0.02	0.02
33	384	0.02	0.02
661	721	0.02	0.02
417	317	0.02	0.02
356	151	0.02	0.02
163	437	0.02	0.02
590	279	0.02	0.02
67	823	0.02	0.02
632	280	0.02	0.02
867	706	0.02	0.02
873	710	0.02	0.02
741	724	0.02	0.02
359	43	0.02	0.02
263	234	0.02	0.02
320	592	0.02	0.02
387	552	0.02	0.02
149	823	0.02	0.02
385	59	0.02	0.02
141	442	0.02	0.02
46	69	0.02	0.02
504	220	0.02	0.02
124	695	0.02	0.02
655	378	0.02	0.02
69	430	0.02	0.02
50	635	0.02	0.02
831	406	0.02	0.02
535	173	0.02	0.02
97	8	0.02	0.02
377	22	0.02	0.02
162	123	0.02	0.02
481	740	0.02	0.02
624	909	0.02	0.02
127	34	0.02	0.02
383	15	0.02	0.02
873	200	0.02	0.02
456	613	0.02	0.02
122	238	0.02	0.02
929	199	0.02	0.02
118	211	0.02	0.02
537	418	0.02	0.02
210	232	0.02	0.02
402	660	0.02	0.02
392	645	0.02	0.02
604	9	0.02	0.02
86	44	0.02	0.02
307	560	0.02	0.02
164	737	0.02	0.02
532	203	0.02	0.02
99	24	0.02	0.02
435	204	0.02	0.02
862	598	0.02	0.02
484	151	0.02	0.02
299	235	0.02	0.02
420	435	0.02	0.02
933	921	0.02	0.02
100	62	0.02	0.02
126	91	0.02	0.02
351	20	0.02	0.02
561	922	0.02	0.02
75	79	0.02	0.02
375	158	0.02	0.02
445	436	0.02	0.02
918	51	0.02	0.02
428	390	0.02	0.02
75	76	0.02	0.02
35	405	0.02	0.02
174	739	0.02	0.02
954	543	0.02	0.02
710	373	0.02	0.02
402	246	0.02	0.02
26	345	0.02	0.02
28	447	0.02	0.02
939	211	0.02	0.02
265	230	0.02	0.02
662	11	0.02	0.02
569	248	0.02	0.02
352	211	0.02	0.02
724	950	0.02	0.02
39	200	0.02	0.02
161	575	0.02	0.02
386	68	0.02	0.02
621	61	0.02	0.02
746	71	0.02	0.02
429	624	0.02	0.02
789	75	0.02	0.02
121	435	0.02	0.02
565	739	0.02	0.02
11	304	0.02	0.02
289	291	0.02	0.02
845	66	0.02	0.02
35	530	0.02	0.02
692	179	0.02	0.02
81	806	0.02	0.02
259	3	0.02	0.02
737	721	0.02	0.02
121	130	0.02	0.02
198	618	0.02	0.02
629	71	0.02	0.02
200	238	0.02	0.02
396	30	0.02	0.02
487	5	0.02	0.02
141	613	0.02	0.02
686	354	0.02	0.02
63	46	0.02	0.02
608	632	0.02	0.02
508	573	0.02	0.02
7	200	0.02	0.02
491	325	0.02	0.02
406	58	0.02	0.02
383	124	0.02	0.02
27	937	0.02	0.02
599	240	0.02	0.02
406	54	0.02	0.02
806	15	0.02	0.02
443	569	0.02	0.02
326	675	0.02	0.02
930	198	0.02	0.02
56	58	0.02	0.02
631	307	0.02	0.02
844	66	0.02	0.02
211	74	0.02	0.02
324	246	0.02	0.02
297	167	0.02	0.02
355	47	0.02	0.02
91	3	0.02	0.02
74	75	0.02	0.02
47	561	0.02	0.02
405	167	0.02	0.02
139	56	0.02	0.02
40	782	0.02	0.02
243	134	0.02	0.02
40	780	0.02	0.02
26	440	0.02	0.02
105	259	0.02	0.02
86	526	0.02	0.02
7	334	0.02	0.02
152	76	0.02	0.02
7	331	0.02	0.02
408	742	0.02	0.02
876	198	0.02	0.02
320	929	0.02	0.02
37	102	0.02	0.02
19	441	0.02	0.02
201	92	0.02	0.02
443	109	0.02	0.02
79	477	0.02	0.02
246	135	0.02	0.02
170	20	0.02	0.02
576	91	0.02	0.02
354	46	0.02	0.02
354	45	0.02	0.02
319	601	0.02	0.02
441	405	0.02	0.02
7	448	0.02	0.02
1	30	0.02	0.02
677	247	0.02	0.02
393	901	0.02	0.02
217	532	0.02	0.02
448	279	0.02	0.02
331	124	0.02	0.02
508	376	0.02	0.02
434	441	0.02	0.02
52	395	0.02	0.02
365	749	0.02	0.02
879	689	0.02	0.02
788	458	0.02	0.02
307	59	0.02	0.02
279	109	0.02	0.02
211	240	0.02	0.02
863	235	0.02	0.02
456	334	0.02	0.02
420	18	0.02	0.02
394	688	0.02	0.02
394	689	0.02	0.02
64	129	0.02	0.02
583	603	0.02	0.02
66	350	0.02	0.02
218	119	0.02	0.02
352	656	0.02	0.02
656	737	0.02	0.02
311	309	0.02	0.02
560	279	0.02	0.02
103	388	0.02	0.02
234	736	0.02	0.02
664	842	0.02	0.02
235	405	0.02	0.02
113	66	0.02	0.02
769	687	0.02	0.02
713	87	0.02	0.02
315	683	0.02	0.02
631	56	0.02	0.02
835	836	0.02	0.02
338	13	0.02	0.02
395	381	0.02	0.02
213	53	0.02	0.02
29	47	0.02	0.02
800	534	0.02	0.02
597	6	0.02	0.02
669	143	0.02	0.02
60	238	0.02	0.02
560	679	0.02	0.02
138	671	0.02	0.02
285	743	0.02	0.02
463	550	0.02	0.02
667	96	0.02	0.02
428	63	0.02	0.02
521	1	0.02	0.02
734	40	0.02	0.02
451	792	0.02	0.02
840	391	0.02	0.02
248	329	0.02	0.02
223	119	0.02	0.02
209	203	0.02	0.02
47	60	0.02	0.02
853	17	0.02	0.02
59	627	0.02	0.02
525	673	0.02	0.02
506	100	0.02	0.02
171	846	0.02	0.02
632	6	0.02	0.02
920	267	0.02	0.02
354	929	0.02	0.02
738	195	0.02	0.02
552	27	0.02	0.02
834	406	0.02	0.02
100	386	0.02	0.02
507	632	0.02	0.02
35	158	0.02	0.02
664	448	0.02	0.02
883	171	0.02	0.02
526	124	0.02	0.02
565	218	0.02	0.02
543	146	0.02	0.02
66	208	0.02	0.02
372	677	0.02	0.02
372	675	0.02	0.02
671	611	0.02	0.02
803	75	0.02	0.02
274	703	0.02	0.02
350	246	0.02	0.02
90	409	0.02	0.02
233	653	0.02	0.02
284	17	0.02	0.02
743	287	0.02	0.02
214	11	0.02	0.02
285	645	0.02	0.02
937	14	0.02	0.02
415	8	0.02	0.02
420	114	0.02	0.02
87	735	0.02	0.02
495	761	0.02	0.02
199	429	0.02	0.02
48	484	0.02	0.02
279	75	0.02	0.02
13	161	0.02	0.02
179	373	0.02	0.02
11	435	0.02	0.02
6	290	0.02	0.02
41	8	0.02	0.02
64	909	0.02	0.02
910	284	0.02	0.02
910	286	0.02	0.02
24	350	0.02	0.02
48	242	0.02	0.02
739	405	0.02	0.02
406	154	0.02	0.02
56	228	0.02	0.02
76	836	0.02	0.02
26	13	0.02	0.02
295	141	0.02	0.02
26	11	0.02	0.02
86	3	0.02	0.02
264	726	0.02	0.02
271	406	0.02	0.02
48	81	0.02	0.02
12	170	0.02	0.02
207	93	0.02	0.02
15	143	0.02	0.02
11	389	0.02	0.02
847	493	0.02	0.02
534	311	0.02	0.02
285	446	0.02	0.02
75	131	0.02	0.02
75	135	0.02	0.02
185	272	0.02	0.02
186	184	0.02	0.02
442	86	0.02	0.02
75	139	0.02	0.02
13	700	0.02	0.02
100	90	0.02	0.02
100	96	0.02	0.02
79	731	0.02	0.02
734	203	0.02	0.02
62	675	0.02	0.02
105	929	0.02	0.02
40	143	0.02	0.02
68	63	0.02	0.02
28	618	0.02	0.02
858	439	0.02	0.02
328	566	0.02	0.02
3	191	0.02	0.02
48	808	0.02	0.02
410	63	0.02	0.02
1	720	0.02	0.02
846	673	0.02	0.02
603	783	0.02	0.02
33	155	0.02	0.02
251	939	0.02	0.02
408	155	0.02	0.02
33	151	0.02	0.02
878	240	0.02	0.02
48	807	0.02	0.02
48	806	0.02	0.02
79	135	0.02	0.02
211	239	0.02	0.02
351	672	0.02	0.02
732	179	0.02	0.02
867	96	0.02	0.02
355	441	0.02	0.02
211	232	0.02	0.02
876	596	0.02	0.02
76	442	0.02	0.02
539	151	0.02	0.02
122	484	0.02	0.02
143	456	0.02	0.02
655	68	0.02	0.02
904	711	0.02	0.02
138	46	0.02	0.02
670	438	0.02	0.02
422	420	0.02	0.02
395	891	0.02	0.02
13	66	0.02	0.02
213	90	0.02	0.02
256	70	0.02	0.02
75	597	0.02	0.02
122	176	0.02	0.02
100	452	0.02	0.02
561	822	0.02	0.02
425	691	0.02	0.02
280	27	0.02	0.02
151	42	0.02	0.02
655	75	0.02	0.02
24	139	0.02	0.02
288	172	0.02	0.02
404	100	0.02	0.02
3	83	0.02	0.02
211	347	0.02	0.02
202	211	0.02	0.02
434	874	0.02	0.02
56	153	0.02	0.02
372	326	0.02	0.02
80	192	0.02	0.02
720	627	0.02	0.02
76	661	0.02	0.02
217	356	0.02	0.02
58	322	0.02	0.02
38	8	0.02	0.02
687	234	0.02	0.02
31	261	0.02	0.02
287	677	0.02	0.02
487	66	0.02	0.02
397	398	0.02	0.02
58	859	0.02	0.02
308	310	0.02	0.02
656	461	0.02	0.02
504	525	0.02	0.02
869	428	0.02	0.02
880	613	0.02	0.02
31	32	0.02	0.02
357	617	0.02	0.02
230	26	0.02	0.02
70	102	0.02	0.02
337	354	0.02	0.02
508	86	0.02	0.02
943	79	0.02	0.02
53	179	0.02	0.02
697	75	0.02	0.02
197	11	0.02	0.02
253	3	0.02	0.02
873	410	0.02	0.02
685	199	0.02	0.02
373	378	0.02	0.02
547	27	0.02	0.02
547	26	0.02	0.02
91	382	0.02	0.02
310	717	0.02	0.02
91	384	0.02	0.02
24	96	0.02	0.02
212	278	0.02	0.02
33	777	0.02	0.02
26	355	0.02	0.02
533	143	0.02	0.02
659	820	0.02	0.02
694	135	0.02	0.02
622	55	0.02	0.02
288	31	0.02	0.02
288	32	0.02	0.02
25	175	0.02	0.02
161	824	0.02	0.02
446	260	0.02	0.02
840	487	0.02	0.02
904	441	0.02	0.02
773	778	0.02	0.02
446	757	0.02	0.02
16	334	0.02	0.02
120	100	0.02	0.02
764	43	0.02	0.02
85	372	0.02	0.02
235	71	0.02	0.02
429	141	0.02	0.02
424	406	0.02	0.02
322	584	0.02	0.02
63	710	0.02	0.02
370	420	0.02	0.02
42	17	0.02	0.02
133	871	0.02	0.02
42	11	0.02	0.02
20	193	0.02	0.02
143	5	0.02	0.02
61	218	0.02	0.02
603	382	0.02	0.02
8	215	0.02	0.02
22	24	0.02	0.02
152	238	0.02	0.02
644	26	0.02	0.02
553	357	0.02	0.02
569	37	0.02	0.02
212	428	0.02	0.02
940	43	0.02	0.02
86	357	0.02	0.02
124	640	0.02	0.02
164	83	0.02	0.02
66	477	0.02	0.02
126	84	0.02	0.02
7	143	0.02	0.02
802	803	0.02	0.02
931	920	0.02	0.02
11	527	0.02	0.02
44	698	0.02	0.02
121	84	0.02	0.02
198	606	0.02	0.02
137	98	0.02	0.02
604	675	0.02	0.02
210	45	0.02	0.02
200	552	0.02	0.02
200	554	0.02	0.02
234	32	0.02	0.02
18	19	0.02	0.02
953	636	0.02	0.02
557	219	0.02	0.02
7	216	0.02	0.02
164	185	0.02	0.02
572	150	0.02	0.02
384	294	0.02	0.02
802	403	0.02	0.02
571	20	0.02	0.02
110	224	0.02	0.02
262	659	0.02	0.02
710	632	0.02	0.02
380	859	0.02	0.02
79	538	0.02	0.02
259	320	0.02	0.02
338	699	0.02	0.02
681	109	0.02	0.02
193	31	0.02	0.02
56	24	0.02	0.02
193	33	0.02	0.02
586	81	0.02	0.02
140	141	0.02	0.02
443	480	0.02	0.02
390	58	0.02	0.02
761	177	0.02	0.02
348	298	0.02	0.02
348	296	0.02	0.02
27	122	0.02	0.02
555	597	0.02	0.02
816	635	0.02	0.02
896	909	0.02	0.02
432	387	0.02	0.02
376	74	0.02	0.02
86	91	0.02	0.02
607	681	0.02	0.02
202	75	0.02	0.02
83	240	0.02	0.02
328	662	0.02	0.02
218	612	0.02	0.02
164	299	0.02	0.02
83	245	0.02	0.02
37	3	0.02	0.02
386	211	0.02	0.02
690	354	0.02	0.02
150	27	0.02	0.02
228	75	0.02	0.02
205	438	0.02	0.02
521	218	0.02	0.02
490	420	0.02	0.02
233	392	0.02	0.02
909	685	0.02	0.02
192	90	0.02	0.02
521	212	0.02	0.02
246	103	0.02	0.02
781	40	0.02	0.02
19	102	0.02	0.02
212	44	0.02	0.02
7	459	0.02	0.02
22	365	0.02	0.02
200	178	0.02	0.02
428	401	0.02	0.02
86	7	0.02	0.02
605	83	0.02	0.02
31	99	0.02	0.02
32	443	0.02	0.02
124	121	0.02	0.02
405	404	0.02	0.02
181	106	0.02	0.02
217	27	0.02	0.02
748	381	0.02	0.02
940	683	0.02	0.02
300	164	0.02	0.02
620	59	0.02	0.02
728	231	0.02	0.02
515	219	0.02	0.02
103	217	0.02	0.02
189	135	0.02	0.02
599	259	0.02	0.02
158	246	0.02	0.02
266	665	0.02	0.02
459	141	0.02	0.02
834	524	0.02	0.02
871	625	0.02	0.02
398	509	0.02	0.02
87	380	0.02	0.02
899	709	0.02	0.02
291	382	0.02	0.02
304	376	0.02	0.02
86	126	0.02	0.02
659	656	0.02	0.02
283	522	0.02	0.02
373	511	0.02	0.02
194	33	0.02	0.02
246	211	0.02	0.02
105	710	0.02	0.02
715	360	0.02	0.02
676	696	0.02	0.02
406	307	0.02	0.02
342	87	0.02	0.02
354	733	0.02	0.02
745	500	0.02	0.02
925	831	0.02	0.02
414	109	0.02	0.02
866	211	0.02	0.02
909	428	0.02	0.02
584	368	0.02	0.02
346	141	0.02	0.02
4	140	0.02	0.02
614	280	0.02	0.02
218	671	0.02	0.02
95	526	0.02	0.02
235	272	0.02	0.02
90	279	0.02	0.02
42	108	0.02	0.02
248	338	0.02	0.02
337	30	0.02	0.02
813	48	0.02	0.02
660	596	0.02	0.02
475	598	0.02	0.02
799	837	0.02	0.02
3	340	0.02	0.02
832	693	0.02	0.02
25	24	0.02	0.02
381	775	0.02	0.02
776	940	0.02	0.02
876	721	0.02	0.02
48	651	0.02	0.02
145	30	0.02	0.02
747	58	0.02	0.02
800	647	0.02	0.02
176	429	0.02	0.02
353	831	0.02	0.02
83	933	0.02	0.02
936	584	0.02	0.02
561	380	0.02	0.02
200	814	0.02	0.02
390	177	0.02	0.02
114	31	0.02	0.02
197	198	0.02	0.02
301	296	0.02	0.02
868	937	0.02	0.02
118	378	0.02	0.02
388	435	0.02	0.02
847	553	0.02	0.02
102	435	0.02	0.02
378	623	0.02	0.02
27	89	0.02	0.02
8	654	0.02	0.02
48	812	0.02	0.02
589	235	0.02	0.02
428	853	0.02	0.02
438	626	0.02	0.02
90	415	0.02	0.02
803	200	0.02	0.02
340	542	0.02	0.02
203	388	0.02	0.02
286	141	0.02	0.02
382	436	0.02	0.02
12	218	0.02	0.02
90	895	0.02	0.02
334	595	0.02	0.02
647	414	0.02	0.02
161	825	0.02	0.02
35	10	0.02	0.02
60	170	0.02	0.02
258	629	0.02	0.02
500	285	0.02	0.02
325	43	0.02	0.02
700	701	0.02	0.02
739	412	0.02	0.02
48	724	0.02	0.02
155	75	0.02	0.02
138	100	0.02	0.02
43	378	0.02	0.02
572	535	0.02	0.02
211	139	0.02	0.02
773	426	0.02	0.02
196	219	0.02	0.02
153	880	0.02	0.02
658	688	0.02	0.02
214	259	0.02	0.02
78	741	0.02	0.02
535	808	0.02	0.02
258	66	0.02	0.02
79	122	0.02	0.02
204	452	0.02	0.02
11	392	0.02	0.02
33	91	0.02	0.02
675	382	0.02	0.02
598	122	0.02	0.02
194	71	0.02	0.02
79	742	0.02	0.02
554	212	0.02	0.02
446	380	0.02	0.02
75	102	0.02	0.02
75	103	0.02	0.02
398	42	0.02	0.02
699	645	0.02	0.02
334	391	0.02	0.02
481	430	0.02	0.02
343	11	0.02	0.02
137	769	0.02	0.02
910	547	0.02	0.02
174	24	0.02	0.02
193	235	0.02	0.02
238	244	0.02	0.02
53	379	0.02	0.02
24	729	0.02	0.02
79	659	0.02	0.02
901	725	0.02	0.02
17	415	0.02	0.02
635	284	0.02	0.02
71	840	0.02	0.02
699	395	0.02	0.02
734	834	0.02	0.02
682	683	0.02	0.02
799	454	0.02	0.02
473	48	0.02	0.02
708	33	0.02	0.02
330	151	0.02	0.02
402	468	0.02	0.02
764	28	0.02	0.02
683	149	0.02	0.02
716	161	0.02	0.02
130	86	0.02	0.02
665	558	0.02	0.02
124	14	0.02	0.02
131	3	0.02	0.02
644	834	0.02	0.02
613	500	0.02	0.02
602	43	0.02	0.02
100	420	0.02	0.02
13	398	0.02	0.02
307	517	0.02	0.02
126	64	0.02	0.02
353	292	0.02	0.02
858	625	0.02	0.02
337	907	0.02	0.02
635	392	0.02	0.02
718	100	0.02	0.02
425	664	0.02	0.02
235	336	0.02	0.02
522	387	0.02	0.02
308	81	0.02	0.02
693	142	0.02	0.02
372	335	0.02	0.02
461	241	0.02	0.02
522	388	0.02	0.02
503	64	0.02	0.02
19	290	0.02	0.02
87	432	0.02	0.02
83	84	0.02	0.02
100	279	0.02	0.02
55	16	0.02	0.02
215	508	0.02	0.02
386	638	0.02	0.02
75	675	0.02	0.02
901	222	0.02	0.02
116	8	0.02	0.02
602	93	0.02	0.02
34	138	0.02	0.02
56	307	0.02	0.02
144	595	0.02	0.02
598	405	0.02	0.02
184	303	0.02	0.02
391	472	0.02	0.02
598	401	0.02	0.02
198	929	0.02	0.02
696	136	0.02	0.02
863	103	0.02	0.02
212	240	0.02	0.02
289	122	0.02	0.02
289	123	0.02	0.02
55	317	0.02	0.02
83	620	0.02	0.02
341	857	0.02	0.02
415	3	0.02	0.02
493	133	0.02	0.02
551	47	0.02	0.02
898	431	0.02	0.02
303	866	0.02	0.02
263	217	0.02	0.02
633	28	0.02	0.02
420	5	0.02	0.02
204	34	0.02	0.02
406	481	0.02	0.02
381	436	0.02	0.02
819	48	0.02	0.02
90	601	0.02	0.02
47	499	0.02	0.02
47	498	0.02	0.02
424	13	0.02	0.02
376	323	0.02	0.02
101	42	0.02	0.02
85	363	0.02	0.02
869	325	0.02	0.02
81	866	0.02	0.02
395	440	0.02	0.02
69	909	0.02	0.02
522	318	0.02	0.02
58	590	0.02	0.02
831	287	0.02	0.02
8	604	0.02	0.02
8	77	0.02	0.02
176	572	0.02	0.02
915	387	0.02	0.02
537	61	0.02	0.02
7	725	0.02	0.02
665	535	0.02	0.02
933	658	0.02	0.02
142	435	0.02	0.02
661	233	0.02	0.02
567	440	0.02	0.02
122	597	0.02	0.02
356	64	0.02	0.02
86	326	0.02	0.02
796	387	0.02	0.02
320	495	0.02	0.02
868	740	0.02	0.02
218	590	0.02	0.02
500	124	0.02	0.02
436	13	0.02	0.02
595	407	0.02	0.02
406	79	0.02	0.02
355	20	0.02	0.02
188	184	0.02	0.02
671	901	0.02	0.02
403	305	0.02	0.02
179	66	0.02	0.02
18	21	0.02	0.02
12	212	0.02	0.02
608	161	0.02	0.02
103	195	0.02	0.02
340	266	0.02	0.02
56	38	0.02	0.02
597	675	0.02	0.02
11	58	0.02	0.02
17	177	0.02	0.02
384	151	0.02	0.02
66	512	0.02	0.02
11	56	0.02	0.02
623	68	0.02	0.02
855	233	0.02	0.02
47	382	0.02	0.02
139	38	0.02	0.02
391	696	0.02	0.02
721	78	0.02	0.02
171	100	0.02	0.02
105	234	0.02	0.02
690	394	0.02	0.02
128	141	0.02	0.02
128	146	0.02	0.02
171	109	0.02	0.02
739	74	0.02	0.02
39	351	0.02	0.02
54	53	0.02	0.02
86	84	0.02	0.02
381	307	0.02	0.02
785	458	0.02	0.02
81	314	0.02	0.02
81	315	0.02	0.02
91	295	0.02	0.02
7	868	0.02	0.02
37	436	0.02	0.02
81	311	0.02	0.02
166	348	0.02	0.02
56	98	0.02	0.02
